
#S 1 L1 x-ray emission rates
#N 20
#L Z  TOTAL  L1L2  L1L3  L1M1  L1M2  L1M3  L1M4  L1M5  L1N1  L1N2  L1N3  L1N4  L1N5  L1N67  L1O1  L1O2  L1O3  L1O45  L1P23
1  0  0  0  0  0  0  0  0  0  0  0  0  0  0  0  0  0  0  0  
2  0  0  0  0  0  0  0  0  0  0  0  0  0  0  0  0  0  0  0  
3  0  0  0  0  0  0  0  0  0  0  0  0  0  0  0  0  0  0  0  
4  0  0  0  0  0  0  0  0  0  0  0  0  0  0  0  0  0  0  0  
5  9.49e-008  0.33298  0.66702  0  0  0  0  0  0  0  0  0  0  0  0  0  0  0  0  
6  3.61e-007  0.33241  0.66759  0  0  0  0  0  0  0  0  0  0  0  0  0  0  0  0  
7  9.32e-007  0.33155  0.66845  0  0  0  0  0  0  0  0  0  0  0  0  0  0  0  0  
8  2.002e-006  0.33067  0.66933  0  0  0  0  0  0  0  0  0  0  0  0  0  0  0  0  
9  3.84e-006  0.33073  0.66927  0  0  0  0  0  0  0  0  0  0  0  0  0  0  0  0  
10  6.77e-006  0.32939  0.67061  0  0  0  0  0  0  0  0  0  0  0  0  0  0  0  0  
11  8.84e-006  0.32805  0.67195  8.0995e-013  0  0  0  0  0  0  0  0  0  0  0  0  0  0  0  
12  1.104e-005  0.32609  0.67391  9.058e-012  0  0  0  0  0  0  0  0  0  0  0  0  0  0  0  
13  1.4897e-005  0.29133  0.60818  3.3631e-011  0.034168  0.066322  0  0  0  0  0  0  0  0  0  0  0  0  0  
14  2.368e-005  0.21622  0.45608  7.4747e-011  0.11149  0.21622  0  0  0  0  0  0  0  0  0  0  0  0  0  
15  4.17e-005  0.14269  0.29017  1.2566e-010  0.19305  0.3741  0  0  0  0  0  0  0  0  0  0  0  0  0  
16  7.764e-005  0.088099  0.19062  1.7646e-010  0.24601  0.47527  0  0  0  0  0  0  0  0  0  0  0  0  0  
17  0.00013897  0.055911  0.12377  2.353e-010  0.28064  0.53968  0  0  0  0  0  0  0  0  0  0  0  0  0  
18  0.00023745  0.03685  0.080438  3.0406e-010  0.30238  0.58033  0  0  0  0  0  0  0  0  0  0  0  0  0  
19  0.00037516  0.026016  0.059708  4.2648e-010  0.3132  0.60108  0  0  1.3568e-011  0  0  0  0  0  0  0  0  0  0  
20  0.0005582  0.019348  0.045503  6.0014e-010  0.32067  0.61448  0  0  6.1985e-011  0  0  0  0  0  0  0  0  0  0  
21  0.00076138  0.015498  0.037564  8.419e-010  0.3256  0.62124  3.9665e-005  5.9104e-005  8.7342e-011  0  0  0  0  0  0  0  0  0  0  
22  0.0010101  0.012771  0.031679  1.1583e-009  0.32966  0.62566  9.4443e-005  0.00014057  1.1781e-010  0  0  0  0  0  0  0  0  0  0  
23  0.0013113  0.010676  0.0273  1.5709e-009  0.33249  0.62913  0.00016472  0.00024479  1.5557e-010  0  0  0  0  0  0  0  0  0  0  
24  0.0016322  0.0092511  0.024506  2.1075e-009  0.33451  0.63104  0.0002806  0.00041661  7.5969e-011  0  0  0  0  0  0  0  0  0  0  
25  0.0020968  0.0077736  0.021318  2.7708e-009  0.33717  0.63286  0.00035148  0.0005246  2.5705e-010  0  0  0  0  0  0  0  0  0  0  
26  0.0025954  0.0067426  0.019226  3.6102e-009  0.33906  0.6338  0.00047006  0.00070123  3.2326e-010  0  0  0  0  0  0  0  0  0  0  
27  0.0031765  0.0058869  0.017346  4.6592e-009  0.34094  0.63434  0.00060758  0.00088461  4.0295e-010  0  0  0  0  0  0  0  0  0  0  
28  0.0038475  0.0051982  0.016166  5.9519e-009  0.34256  0.63418  0.00076413  0.0011332  4.9643e-010  0  0  0  0  0  0  0  0  0  0  
29  0.0045466  0.0046848  0.015242  7.544e-009  0.34421  0.63343  0.00097874  0.0014494  2.2874e-010  0  0  0  0  0  0  0  0  0  0  
30  0.0054958  0.0041486  0.014102  9.4254e-009  0.34572  0.63321  0.0011354  0.0016831  7.3875e-010  0  0  0  0  0  0  0  0  0  0  
31  0.0066451  0.0036418  0.013047  1.1648e-008  0.34537  0.62904  0.0012867  0.0018209  1.2084e-009  0.0020767  0.0037171  0  0  0  0  0  0  0  0  
32  0.0080434  0.0032076  0.012072  1.4173e-008  0.34301  0.62163  0.0014297  0.0021135  1.7406e-009  0.0059303  0.010605  0  0  0  0  0  0  0  0  
33  0.0097209  0.0028084  0.011192  1.7179e-008  0.33947  0.61208  0.0015534  0.0023146  2.3763e-009  0.010966  0.019607  0  0  0  0  0  0  0  0  
34  0.011699  0.0024788  0.010428  2.0599e-008  0.33421  0.60174  0.0016838  0.0024959  3.0856e-009  0.016881  0.030087  0  0  0  0  0  0  0  0  
35  0.014031  0.002188  0.0097497  2.4446e-008  0.32927  0.5894  0.001796  0.0026726  4.0552e-009  0.023376  0.04155  0  0  0  0  0  0  0  0  
36  0.016764  0.0019327  0.0091623  2.893e-008  0.3239  0.57622  0.0019028  0.0028334  5.1418e-009  0.030362  0.053685  0  0  0  0  0  0  0  0  
37  0.019838  0.001724  0.0086905  3.4228e-008  0.31959  0.56609  0.0020214  0.0029792  6.7548e-009  0.035639  0.063263  0  0  0  1.9559e-010  0  0  0  0  
38  0.023307  0.0015446  0.0083108  4.0417e-008  0.31664  0.55735  0.002141  0.0031879  8.7099e-009  0.039988  0.070837  0  0  0  7.8518e-010  0  0  0  0  
39  0.027112  0.0013942  0.0077862  4.758e-008  0.31499  0.55142  0.0022721  0.003386  1.0955e-008  0.042933  0.075797  1.0696e-005  1.5897e-005  0  1.0659e-009  0  0  0  0  
40  0.03137  0.0012656  0.0078069  5.6105e-008  0.31368  0.54607  0.0024068  0.0035831  1.358e-008  0.045394  0.079727  2.6586e-005  3.9529e-005  0  1.3548e-009  0  0  0  0  
41  0.036002  0.0011555  0.0076524  6.6108e-008  0.3136  0.54248  0.0025499  0.003797  1.6555e-008  0.046859  0.081774  5.6386e-005  8.3607e-005  0  6.8052e-010  0  0  0  0  
42  0.041207  0.0010581  0.007523  7.7414e-008  0.31281  0.53826  0.0026913  0.004009  2.0166e-008  0.048754  0.084694  8.2025e-005  0.00012182  0  8.1539e-010  0  0  0  0  
43  0.046948  0.00097128  0.0074337  9.0525e-008  0.31247  0.53421  0.002835  0.0042259  2.4282e-008  0.05046  0.087117  0.00011204  0.00016657  0  9.6063e-010  0  0  0  0  
44  0.053277  0.00089532  0.0073953  1.0549e-007  0.31233  0.53044  0.0029844  0.0044466  2.9281e-008  0.051992  0.089157  0.00014622  0.00021773  0  1.1187e-009  0  0  0  0  
45  0.060182  0.00082749  0.0073776  2.2931e-008  0.31239  0.52674  0.0031372  0.0046775  3.4894e-008  0.053338  0.091057  0.00018444  0.00027583  0  1.2944e-009  0  0  0  0  
46  0.067699  0.00076663  0.0074004  1.4225e-007  0.31271  0.52438  0.003297  0.0049188  3.2349e-008  0.054211  0.09173  0.00023634  0.00035008  0  0  0  0  0  0  
47  0.076097  0.00071225  0.0074378  1.6426e-007  0.31249  0.52039  0.0034535  0.0051513  4.8885e-008  0.05585  0.093827  0.00027596  0.00041132  0  1.6952e-009  0  0  0  0  
48  0.085261  0.0006615  0.0075064  1.8883e-007  0.31222  0.51607  0.0036125  0.0053835  5.7823e-008  0.057588  0.096176  0.0003155  0.0004715  0  4.9026e-009  0  0  0  0  
49  0.095345  0.00061671  0.007583  2.1711e-007  0.31181  0.51078  0.0037758  0.0056322  6.8173e-008  0.059154  0.098484  0.0003566  0.0005349  0  7.2579e-009  0.00050134  0.00076984  0  0  
50  0.10658  0.0005733  0.0076753  2.4771e-007  0.31058  0.50575  0.0039221  0.005855  7.985e-008  0.060708  0.1004  0.00039597  0.00059676  0  9.6646e-009  0.0013878  0.00216  0  0  
51  0.11885  0.00053513  0.0077829  2.8187e-007  0.30963  0.49979  0.0040808  0.0060917  9.3395e-008  0.062179  0.10223  0.00043584  0.00065882  0  1.2453e-008  0.0025663  0.0040135  0  0  
52  0.13236  0.00049939  0.0079026  3.1958e-007  0.30824  0.4941  0.0042384  0.0063236  1.0879e-007  0.063462  0.10381  0.00047521  0.00071924  0  1.5714e-008  0.0039891  0.0062404  0  0  
53  0.14638  0.00046865  0.0080887  3.6413e-007  0.30811  0.48573  0.0044133  0.0065926  1.2639e-007  0.065037  0.10575  0.00051716  0.00078428  0  1.9539e-008  0.0056635  0.0088402  0  0  
54  0.16302  0.00043676  0.008226  4.0916e-007  0.30549  0.48154  0.0045516  0.0068029  1.4538e-007  0.065882  0.10655  0.00055392  0.00084162  0  2.374e-008  0.0074899  0.011637  0  0  
55  0.18033  0.00040982  0.0084181  4.6194e-007  0.30445  0.47581  0.0047137  0.0070428  1.6748e-007  0.067046  0.10775  0.00059393  0.00090448  0  2.9835e-008  0.0088839  0.01398  0  0  
56  0.19886  0.0003852  0.0086393  5.2298e-007  0.30373  0.47018  0.0048879  0.0073017  1.926e-007  0.068239  0.10897  0.00063512  0.00096953  0  3.7061e-008  0.010113  0.015941  0  0  
57  0.21864  0.0003627  0.0089006  5.8545e-007  0.30324  0.46515  0.0050678  0.0075696  2.2091e-007  0.069476  0.11018  0.00067784  0.0010364  0  4.496e-008  0.011027  0.017289  1.2807e-005  0  
58  0.23831  0.00034325  0.0092359  6.672e-007  0.30549  0.4641  0.0052915  0.0079099  2.5135e-007  0.069909  0.10982  0.00070077  0.0010717  4.7837e-007  4.8257e-008  0.010268  0.015862  0  0  
59  0.25938  0.00032578  0.0096038  7.518e-007  0.30496  0.46226  0.0055209  0.0082544  2.8684e-007  0.070823  0.1103  0.00073522  0.0011258  8.5204e-007  5.4746e-008  0.010317  0.015769  0  0  
60  0.28313  0.00030834  0.0099601  8.4766e-007  0.30763  0.45845  0.0057288  0.0085649  3.2494e-007  0.071345  0.1102  0.00076608  0.0011761  1.3209e-006  6.1809e-008  0.010299  0.015576  0  0  
61  0.30774  0.00029245  0.010366  9.521e-007  0.30903  0.45558  0.0059563  0.0089101  3.6719e-007  0.072009  0.11016  0.0007997  0.0012283  1.9042e-006  6.9539e-008  0.010301  0.01537  0  0  
62  0.33394  0.0002779  0.01081  1.0691e-006  0.31024  0.45278  0.0061928  0.0092532  4.1624e-007  0.072678  0.1102  0.00083369  0.0012817  2.6172e-006  7.8158e-008  0.010271  0.015182  0  0  
63  0.36174  0.00026455  0.011306  1.1998e-006  0.31182  0.44977  0.0064328  0.0096201  4.6995e-007  0.073312  0.11002  0.00086802  0.0013352  3.4555e-006  8.7632e-008  0.010256  0.014983  0  0  
64  0.39222  0.00025165  0.011805  1.3411e-006  0.31233  0.44567  0.0066621  0.009969  5.3032e-007  0.074092  0.11014  0.00091021  0.0014048  4.2069e-006  1.0249e-007  0.010912  0.015833  1.3003e-005  0  
65  0.42254  0.00024022  0.012378  1.5052e-006  0.31477  0.44398  0.006939  0.01039  5.964e-007  0.07455  0.10958  0.00093956  0.0014508  5.6563e-006  1.0958e-007  0.010224  0.014555  0  0  
66  0.45583  0.00022925  0.012987  1.6804e-006  0.31634  0.44095  0.0071956  0.010771  6.691e-007  0.075247  0.10925  0.00097843  0.0015093  7.0201e-006  1.2197e-007  0.010201  0.014325  0  0  
67  0.4909  0.00021919  0.013648  1.8761e-006  0.31799  0.43797  0.0073538  0.011183  7.4964e-007  0.075779  0.10898  0.0010165  0.0015706  8.576e-006  1.3587e-007  0.010185  0.014096  0  0  
68  0.52812  0.00020961  0.014334  2.0829e-006  0.31963  0.43475  0.0077445  0.011607  8.3883e-007  0.076309  0.10869  0.0010547  0.0016322  1.0376e-005  1.511e-007  0.010149  0.01388  0  0  
69  0.56737  0.00020058  0.015105  2.3265e-006  0.32131  0.43147  0.0080371  0.012038  9.3767e-007  0.077022  0.10822  0.0010945  0.0016973  1.2408e-005  1.6779e-007  0.010135  0.01366  0  0  
70  0.60871  0.00019221  0.015902  2.5956e-006  0.32314  0.42828  0.0082305  0.012469  1.0481e-006  0.077541  0.10777  0.0011368  0.0017627  1.472e-005  1.8564e-007  0.01012  0.013438  0  0  
71  0.65376  0.00018401  0.016749  2.8757e-006  0.32412  0.42386  0.0086117  0.012895  1.1686e-006  0.078163  0.10753  0.0011854  0.0018401  1.6979e-005  2.1415e-007  0.010707  0.014118  1.2252e-005  0  
72  0.70143  0.00017635  0.017635  3.1792e-006  0.32519  0.41929  0.0088962  0.01333  1.3016e-006  0.078982  0.10721  0.0012346  0.0019218  1.9389e-005  2.4664e-007  0.011291  0.014784  3.1365e-005  0  
73  0.75202  0.00016928  0.01859  3.5106e-006  0.32619  0.41488  0.0092019  0.013763  1.4494e-006  0.079652  0.10691  0.0012872  0.0020066  2.2074e-005  2.8324e-007  0.011861  0.015399  5.6914e-005  0  
74  0.80489  0.00016251  0.019618  3.8887e-006  0.3275  0.41  0.0095044  0.014226  1.6151e-006  0.080384  0.1066  0.0013443  0.0020972  2.4848e-005  3.2427e-007  0.012449  0.016002  8.8832e-005  0  
75  0.86128  0.00015605  0.020713  4.2843e-006  0.32858  0.40521  0.009811  0.014687  1.788e-006  0.081158  0.10635  0.0014014  0.0021909  2.7982e-005  3.7038e-007  0.013016  0.016557  0.00012748  0  
76  0.9204  0.00015004  0.021882  4.7262e-006  0.33029  0.39982  0.010126  0.015156  1.9883e-006  0.08192  0.10604  0.0014613  0.0022892  3.1182e-005  4.2155e-007  0.013581  0.017069  0.00017297  0  
77  0.98147  0.00014458  0.023159  5.2167e-006  0.33114  0.39533  0.010464  0.01567  2.211e-006  0.082835  0.10586  0.0015263  0.0023944  3.4744e-005  4.7684e-007  0.013959  0.017229  0.0002536  0  
78  1.0476  0.00013908  0.024475  5.7464e-006  0.33219  0.39041  0.010786  0.016151  2.4437e-006  0.083619  0.10538  0.0015903  0.0025  3.8469e-005  5.4219e-007  0.014586  0.017822  0.00030259  0  
79  1.1172  0.000134  0.025886  6.3105e-006  0.33387  0.38489  0.011126  0.016658  2.7122e-006  0.084408  0.105  0.0016568  0.0026092  4.2428e-005  6.1315e-007  0.015109  0.018224  0.00037147  0  
80  1.1907  0.000129  0.027378  6.9369e-006  0.33509  0.3796  0.011472  0.017166  2.9981e-006  0.085241  0.10447  0.0017258  0.002721  4.661e-005  6.9537e-007  0.015738  0.018787  0.00042915  0  
81  1.2674  0.00012434  0.029035  7.6216e-006  0.33611  0.37398  0.011827  0.017697  3.3138e-006  0.086  0.10399  0.0017981  0.0028404  5.1205e-005  7.8741e-007  0.016372  0.019346  0.00049391  0.00032427  
82  1.3494  0.00011983  0.03068  8.374e-006  0.33718  0.36831  0.012176  0.018223  3.6534e-006  0.086778  0.1033  0.0018712  0.0029568  5.595e-005  8.8927e-007  0.017  0.019883  0.00055876  0.00089446  
83  1.4361  0.00011545  0.032518  9.1219e-006  0.33842  0.36209  0.012534  0.018752  4.0317e-006  0.087528  0.10264  0.0019462  0.0030847  6.0998e-005  1.0027e-006  0.017631  0.020388  0.000626  0.0016559  
84  1.5273  0.00011138  0.034375  1.0018e-005  0.33917  0.35619  0.012899  0.019296  4.4393e-006  0.088328  0.10188  0.0020232  0.0032149  6.6328e-005  1.1262e-006  0.018255  0.020887  0.00069406  0.0025863  
85  1.6241  0.00010732  0.036451  1.096e-005  0.34049  0.34973  0.013269  0.019826  4.8888e-006  0.088971  0.10104  0.0021058  0.0033433  7.1916e-005  1.2684e-006  0.018841  0.021304  0.00076411  0.0036697  
86  1.725  0.00010354  0.03861  1.2e-005  0.34146  0.3432  0.013653  0.020406  5.374e-006  0.089741  0.10018  0.0021856  0.0034783  7.7799e-005  1.4203e-006  0.019479  0.021682  0.00083654  0.0048987  
87  1.8314  9.9762e-005  0.040898  1.3105e-005  0.34237  0.33691  0.014039  0.020968  5.8972e-006  0.090533  0.09927  0.0022715  0.0036202  8.409e-005  1.5944e-006  0.020094  0.02206  0.00091298  0.0058536  
88  1.9434  9.6172e-005  0.043326  1.4305e-005  0.34373  0.33035  0.014439  0.02156  6.4835e-006  0.091233  0.098282  0.0023619  0.0037666  9.0615e-005  1.7855e-006  0.020686  0.022384  0.0009926  0.0066791  
89  2.0606  9.2738e-005  0.045957  1.5626e-005  0.34504  0.32369  0.01485  0.022178  7.1337e-006  0.09201  0.0973  0.0024507  0.0039211  9.7543e-005  1.9945e-006  0.021256  0.022711  0.0010749  0.0073521  
90  2.183  8.9465e-005  0.048741  1.7041e-005  0.34631  0.317  0.015254  0.022767  7.8333e-006  0.092809  0.096244  0.002547  0.004077  0.00010486  2.2263e-006  0.021897  0.022996  0.0011603  0.0079753  
91  2.3102  8.6312e-005  0.051727  1.8613e-005  0.34802  0.31079  0.015713  0.023418  8.5706e-006  0.09367  0.095185  0.0026491  0.004242  0.0001125  2.4716e-006  0.022379  0.023028  0.0012246  0.0077265  
92  2.4444  8.3168e-005  0.0549  2.0332e-005  0.34977  0.30395  0.016159  0.024095  9.4091e-006  0.0945  0.09405  0.0027532  0.00441  0.00012048  2.7491e-006  0.022909  0.023114  0.0013009  0.0078464  
93  2.5845  8.021e-005  0.05831  2.2171e-005  0.35133  0.29716  0.016638  0.024763  1.0331e-005  0.095339  0.092901  0.0028594  0.0045889  0.00012885  3.0528e-006  0.023409  0.023138  0.0013775  0.0079436  
94  2.7312  7.7292e-005  0.061914  2.4202e-005  0.35332  0.29035  0.017099  0.025447  1.1314e-005  0.096184  0.091644  0.0029694  0.0047708  0.00013767  3.3795e-006  0.023872  0.023103  0.0014462  0.0076266  
95  2.8867  7.441e-005  0.065715  2.6362e-005  0.35508  0.28337  0.017563  0.026154  1.2402e-005  0.096962  0.090276  0.0030831  0.0049537  0.00014653  3.7413e-006  0.024353  0.023037  0.0015277  0.0076696  
96  3.0508  7.1588e-005  0.069752  2.8714e-005  0.35663  0.27599  0.018061  0.026845  1.357e-005  0.097745  0.088829  0.0031959  0.0051462  0.00015602  4.1301e-006  0.024846  0.022978  0.0016192  0.0080897  
97  3.2211  6.8796e-005  0.074104  3.1293e-005  0.35826  0.26854  0.018565  0.027568  1.484e-005  0.098723  0.08733  0.0033187  0.0053428  0.00016578  4.5636e-006  0.025302  0.022849  0.0017044  0.008109  
98  3.3997  6.6094e-005  0.078713  3.4062e-005  0.36033  0.2612  0.01909  0.028297  1.6207e-005  0.099421  0.085802  0.0034444  0.0055475  0.0001759  5.0299e-006  0.025738  0.02262  0.0017796  0.0077272  
99  3.5877  6.33e-005  0.083591  3.7099e-005  0.36207  0.25364  0.019595  0.029044  1.7727e-005  0.10006  0.084177  0.0035705  0.0057558  0.00018619  5.5467e-006  0.026173  0.02241  0.0018703  0.0077236  
100  3.7871  6.0495e-005  0.088723  4.0348e-005  0.36387  0.24584  0.020121  0.029786  1.9329e-005  0.10087  0.082385  0.0037021  0.0059703  0.00019699  6.0997e-006  0.02659  0.022154  0.0019593  0.0077104  
101  3.9971  5.7817e-005  0.094068  4.3857e-005  0.36576  0.23792  0.02064  0.030522  2.109e-005  0.10157  0.080558  0.0038353  0.006187  0.00020815  6.7299e-006  0.02702  0.021841  0.0020515  0.0076805  
102  4.2202  5.521e-005  0.099994  4.7651e-005  0.36728  0.22984  0.02116  0.031254  2.3008e-005  0.10236  0.078668  0.0039713  0.0064072  0.00021918  7.3929e-006  0.027392  0.021515  0.0021468  0.0076536  
103  4.4557  5.2518e-005  0.10593  5.1732e-005  0.36875  0.22152  0.021703  0.032004  2.5047e-005  0.10302  0.076756  0.0041116  0.006632  0.00023094  8.1021e-006  0.027807  0.021164  0.0022533  0.0079899  
104  4.7036  4.9813e-005  0.11247  5.6149e-005  0.37015  0.21303  0.022239  0.032741  2.7277e-005  0.10354  0.074624  0.0042542  0.0068672  0.0002428  8.9082e-006  0.028191  0.020814  0.0023663  0.0083341  
105  4.7036  4.9813e-005  0.11247  5.6149e-005  0.37015  0.21303  0.022239  0.032741  2.7277e-005  0.10354  0.074624  0.0042542  0.0068672  0.0002428  8.9082e-006  0.028191  0.020814  0.0023663  0.0083341  
106  4.7036  4.9813e-005  0.11247  5.6149e-005  0.37015  0.21303  0.022239  0.032741  2.7277e-005  0.10354  0.074624  0.0042542  0.0068672  0.0002428  8.9082e-006  0.028191  0.020814  0.0023663  0.0083341  
107  4.7036  4.9813e-005  0.11247  5.6149e-005  0.37015  0.21303  0.022239  0.032741  2.7277e-005  0.10354  0.074624  0.0042542  0.0068672  0.0002428  8.9082e-006  0.028191  0.020814  0.0023663  0.0083341  
108  4.7036  4.9813e-005  0.11247  5.6149e-005  0.37015  0.21303  0.022239  0.032741  2.7277e-005  0.10354  0.074624  0.0042542  0.0068672  0.0002428  8.9082e-006  0.028191  0.020814  0.0023663  0.0083341  
109  4.7036  4.9813e-005  0.11247  5.6149e-005  0.37015  0.21303  0.022239  0.032741  2.7277e-005  0.10354  0.074624  0.0042542  0.0068672  0.0002428  8.9082e-006  0.028191  0.020814  0.0023663  0.0083341  

#S 2 L2 x-ray emission rates
#N 22
#L Z  TOTAL  L2L3  L2M1  L2M2  L2M3  L2M4  L2M5  L2N1  L2N2  L2N3  L2N4  L2N5  L2N6  L2O1  L2O2  L2O3  L2O4  L2P1  L2P23  L2P4  L2Q1
1  0  0  0  0  0  0  0  0  0  0  0  0  0  0  0  0  0  0  0  0  0  
2  0  0  0  0  0  0  0  0  0  0  0  0  0  0  0  0  0  0  0  0  0  
3  0  0  0  0  0  0  0  0  0  0  0  0  0  0  0  0  0  0  0  0  0  
4  0  0  0  0  0  0  0  0  0  0  0  0  0  0  0  0  0  0  0  0  0  
5  3.03e-023  1  0  0  0  0  0  0  0  0  0  0  0  0  0  0  0  0  0  0  0  
6  1.55e-021  1  0  0  0  0  0  0  0  0  0  0  0  0  0  0  0  0  0  0  0  
7  2.65e-020  1  0  0  0  0  0  0  0  0  0  0  0  0  0  0  0  0  0  0  0  
8  2.55e-019  1  0  0  0  0  0  0  0  0  0  0  0  0  0  0  0  0  0  0  0  
9  1.69e-018  1  0  0  0  0  0  0  0  0  0  0  0  0  0  0  0  0  0  0  0  
10  8.7e-018  1  0  0  0  0  0  0  0  0  0  0  0  0  0  0  0  0  0  0  0  
11  1.92e-007  2.3281e-010  1  0  0  0  0  0  0  0  0  0  0  0  0  0  0  0  0  0  0  
12  1.15e-006  1.5913e-010  1  0  0  0  0  0  0  0  0  0  0  0  0  0  0  0  0  0  0  
13  2.69e-006  2.394e-010  0.99999  2.4349e-012  1.0929e-005  0  0  0  0  0  0  0  0  0  0  0  0  0  0  0  0  
14  4.9002e-006  4.0815e-010  0.99996  1.2816e-011  3.8774e-005  0  0  0  0  0  0  0  0  0  0  0  0  0  0  0  0  
15  7.9807e-006  7.0295e-010  0.99991  4.1726e-011  8.8589e-005  0  0  0  0  0  0  0  0  0  0  0  0  0  0  0  0  
16  1.2102e-005  1.1981e-009  0.99983  1.0825e-010  0.00016691  0  0  0  0  0  0  0  0  0  0  0  0  0  0  0  0  
17  1.7505e-005  1.988e-009  0.99972  2.4336e-010  0.00027821  0  0  0  0  0  0  0  0  0  0  0  0  0  0  0  0  
18  2.4311e-005  3.2414e-009  0.99957  4.9773e-010  0.00043191  0  0  0  0  0  0  0  0  0  0  0  0  0  0  0  0  
19  3.5465e-005  4.7935e-009  0.97561  8.4027e-010  0.00056112  0  0  0.023826  0  0  0  0  0  0  0  0  0  0  0  0  0  
20  5.1485e-005  6.7787e-009  0.92843  1.3013e-009  0.00067981  0  0  0.070894  0  0  0  0  0  0  0  0  0  0  0  0  0  
21  0.00013763  5.0354e-009  0.45195  9.6639e-010  0.00040036  0.51299  3.9964e-008  0.034659  0  0  0  0  0  0  0  0  0  0  0  0  0  
22  0.00028714  4.6318e-009  0.27617  8.7065e-010  0.0002901  0.70278  7.0348e-008  0.020756  0  0  0  0  0  0  0  0  0  0  0  0  0  
23  0.00052057  4.7064e-009  0.19056  8.6443e-010  0.00023436  0.79528  1.0066e-007  0.013927  0  0  0  0  0  0  0  0  0  0  0  0  0  
24  0.00092382  4.7737e-009  0.13033  8.2375e-010  0.00018402  0.86597  1.3639e-007  0.003518  0  0  0  0  0  0  0  0  0  0  0  0  0  
25  0.0013434  5.7315e-009  0.11091  9.8255e-010  0.00018088  0.88132  1.7195e-007  0.0075924  0  0  0  0  0  0  0  0  0  0  0  0  0  
26  0.0019948  6.567e-009  0.090033  1.0828e-009  0.00016693  0.90383  2.1455e-007  0.0059654  0  0  0  0  0  0  0  0  0  0  0  0  0  
27  0.0028547  7.6714e-009  0.075138  1.2085e-009  0.00015693  0.91987  2.6412e-007  0.0048341  0  0  0  0  0  0  0  0  0  0  0  0  0  
28  0.0039704  9.0167e-009  0.063973  1.3626e-009  0.00014961  0.9319  3.1987e-007  0.0039795  0  0  0  0  0  0  0  0  0  0  0  0  0  
29  0.0054931  1.0468e-008  0.053795  1.4873e-009  0.00013927  0.94483  3.8594e-007  0.0012361  0  0  0  0  0  0  0  0  0  0  0  0  0  
30  0.0071504  1.2671e-008  0.048808  1.7482e-009  0.00014125  0.9482  4.5732e-007  0.002853  0  0  0  0  0  0  0  0  0  0  0  0  0  
31  0.0091228  1.5346e-008  0.044942  2.0827e-009  0.0001436  0.95146  5.404e-007  0.0034529  1.4908e-011  8.5061e-007  0  0  0  0  0  0  0  0  0  0  0  
32  0.011426  1.873e-008  0.042098  2.4856e-009  0.00014879  0.95399  6.3366e-007  0.0037634  5.1638e-011  2.5381e-006  0  0  0  0  0  0  0  0  0  0  0  
33  0.014099  2.2909e-008  0.039789  2.9718e-009  0.00015462  0.95607  7.3762e-007  0.0039789  1.1703e-010  4.9648e-006  0  0  0  0  0  0  0  0  0  0  0  
34  0.017186  2.793e-008  0.037938  3.561e-009  0.00016176  0.95775  8.5535e-007  0.0041371  2.2053e-010  8.088e-006  0  0  0  0  0  0  0  0  0  0  0  
35  0.020706  3.4e-008  0.036414  4.2548e-009  0.00016951  0.95913  9.8521e-007  0.0042693  3.7235e-010  1.1977e-005  0  0  0  0  0  0  0  0  0  0  0  
36  0.024722  4.1259e-008  0.035151  5.0967e-009  0.00017798  0.96028  1.1326e-006  0.0043767  5.9461e-010  1.6625e-005  0  0  0  0  0  0  0  0  0  0  0  
37  0.029294  4.8133e-008  0.034069  3.7892e-009  0.00018673  0.96095  1.2938e-006  0.0046392  8.5342e-010  2.0994e-005  0  0  0  0.00012972  0  0  0  0  0  0  0  
38  0.034431  6.07e-008  0.033138  7.1737e-009  0.00019662  0.96133  1.4754e-006  0.004888  1.1588e-009  2.5122e-005  0  0  0  0.00042113  0  0  0  0  0  0  0  
39  0.039831  7.4062e-008  0.032638  8.5862e-009  0.00020888  0.95653  1.6896e-006  0.0050864  1.5089e-009  2.8872e-005  0.0050312  9.1134e-009  0  0.00047199  0  0  0  0  0  0  0  
40  0.047303  8.7098e-008  0.031203  9.8937e-009  0.00021563  0.95132  1.8667e-006  0.00508  1.8625e-009  3.1499e-005  0.01167  2.3889e-008  0  0.00047989  0  0  0  0  0  0  0  
41  0.055096  9.2565e-008  0.029222  1.1525e-008  0.00022325  0.94199  2.0873e-006  0.0050675  2.2688e-009  3.3941e-005  0.023268  5.3724e-008  0  0.00019784  0  0  0  0  0  0  0  
42  0.063786  2.8847e-008  0.029521  1.342e-008  0.00023359  0.93281  2.3203e-006  0.0050952  2.7592e-009  3.6842e-005  0.032107  8.3718e-008  0  0.0001944  0  0  0  0  0  0  0  
43  0.073586  1.4541e-007  0.028756  1.5492e-008  0.00024189  0.92409  2.5684e-006  0.0050961  3.3294e-009  3.9682e-005  0.041584  1.2163e-007  0  0.0001889  0  0  0  0  0  0  0  
44  0.084492  1.7161e-007  0.028062  1.799e-008  0.0002521  0.91488  2.8405e-006  0.0050893  4.0004e-009  4.2608e-005  0.051484  1.6925e-007  0  0.00018345  0  0  0  0  0  0  0  
45  0.096648  2.0176e-007  0.027419  2.0694e-008  0.00026177  0.90535  3.1351e-006  0.0050803  4.7595e-009  4.5423e-005  0.061667  2.2556e-007  0  0.00017693  0  0  0  0  0  0  0  
46  0.11045  2.363e-007  0.026735  2.363e-008  0.0002707  0.8936  3.4404e-006  0.0050157  5.5589e-009  4.7713e-005  0.074331  3.0149e-007  0  0  0  0  0  0  0  0  0  
47  0.12524  2.7626e-007  0.026189  2.7147e-008  0.00028185  0.88548  3.3056e-006  0.0050302  6.6032e-009  5.1101e-005  0.082799  3.7527e-007  0  0.00016368  0  0  0  0  0  0  0  
48  0.14145  3.2308e-007  0.025733  3.1036e-008  0.00029268  0.87805  4.1499e-006  0.0050477  7.8473e-009  5.479e-005  0.09042  4.5528e-007  0  0.00039943  0  0  0  0  0  0  0  
49  0.15924  3.7743e-007  0.025308  3.5419e-008  0.00030332  0.87104  4.5404e-006  0.005068  9.2316e-009  5.8718e-005  0.097717  5.4636e-007  0  0.0005024  8.164e-011  4.597e-007  0  0  0  0  0  
50  0.17858  4.3902e-007  0.024919  4.0374e-008  0.00031526  0.86459  4.9333e-006  0.0050957  1.0919e-008  6.2717e-005  0.10443  6.4396e-007  0  0.00057397  2.6095e-010  1.3551e-006  0  0  0  0  0  
51  0.19969  5.1079e-007  0.024538  4.5971e-008  0.00032701  0.85883  5.4084e-006  0.0051229  1.282e-008  6.7104e-005  0.11047  7.5617e-007  0  0.00063398  5.5586e-010  2.6391e-006  0  0  0  0  0  
52  0.22252  5.9322e-007  0.024223  5.2131e-008  0.0003393  0.85343  5.9322e-006  0.0051592  1.501e-008  7.1456e-005  0.11608  8.7185e-007  0  0.00068804  9.9319e-010  4.3143e-006  0  0  0  0  0  
53  0.24726  6.8752e-007  0.023942  5.9046e-008  0.00035225  0.84848  6.4708e-006  0.0051888  1.7512e-008  7.6436e-005  0.12121  1.003e-006  0  0.00073727  1.6096e-009  6.3899e-006  0  0  0  0  0  
54  0.27396  7.7018e-007  0.023689  6.7162e-008  0.00036538  0.84391  7.0083e-006  0.0052233  2.0368e-008  8.1033e-005  0.12593  1.1425e-006  0  0.00078332  2.4456e-009  8.8698e-006  0  0  0  0  0  
55  0.30291  7.1639e-007  0.02344  7.5601e-008  0.00037866  0.83953  7.6261e-006  0.0052557  2.3605e-008  8.6165e-005  0.1304  1.2974e-006  0  0.0008567  3.3013e-009  1.1192e-005  2.7632e-005  0  0  0  0  
56  0.33413  1.0535e-006  0.023195  8.5297e-008  0.00039236  0.83501  8.2902e-006  0.0052914  2.7295e-008  9.1282e-005  0.13498  1.4665e-006  0  0.00092779  4.3097e-009  1.3348e-005  9.0684e-005  0  0  0  0  
57  0.36849  1.2103e-006  0.022931  9.6067e-008  0.00040571  0.83041  8.9554e-006  0.0052945  3.1479e-008  9.6338e-005  0.13867  1.6445e-006  0  0.00097966  5.3189e-009  1.5116e-005  0.0010828  0.00010339  0  0  0  
58  0.40258  1.3985e-006  0.022877  1.088e-007  0.00042302  0.83213  9.7869e-006  0.0053008  3.5521e-008  0.00010035  0.13811  1.786e-006  1.4208e-005  0.00092653  5.5641e-009  1.4482e-005  0  8.6443e-005  0  0  0  
59  0.43936  1.6092e-006  0.022806  1.2268e-007  0.00043996  0.83075  1.0652e-005  0.0053145  4.0741e-008  0.00010515  0.13952  1.9642e-006  2.4126e-005  0.0009218  6.3046e-009  1.5045e-005  0  8.4213e-005  0  0  0  
60  0.47961  1.8473e-006  0.022685  1.3803e-007  0.00045641  0.82984  1.1551e-005  0.0053168  4.6079e-008  0.00010988  0.14053  2.1476e-006  3.6071e-005  0.00091741  7.1099e-009  1.5533e-005  0  8.1941e-005  0  0  0  
61  0.52229  2.1253e-006  0.022612  1.5489e-007  0.000462  0.82904  1.2503e-005  0.0052059  5.227e-008  0.00011469  0.14149  2.355e-006  4.9972e-005  0.00091137  7.9649e-009  1.6026e-005  0  7.9649e-005  0  0  0  
62  0.56807  2.4293e-006  0.021459  1.7269e-007  0.00049078  0.82912  1.3537e-005  0.0053162  5.8971e-008  0.00011953  0.14241  2.5701e-006  6.6013e-005  0.00090481  8.9073e-009  1.6494e-005  0  7.7631e-005  0  0  0  
63  0.61739  1.7979e-006  0.022417  1.9437e-007  0.0005086  0.82768  1.461e-005  0.0053127  6.6409e-008  0.0001244  0.14286  2.7859e-006  8.3902e-005  0.00089733  9.9452e-009  1.7007e-005  0  7.548e-005  0  0  0  
64  0.67024  3.1481e-006  0.02229  2.1634e-007  0.00052518  0.82507  1.5666e-005  0.0052369  7.5047e-008  0.0001298  0.14472  3.0586e-006  9.7875e-005  0.0009325  1.1832e-008  1.865e-005  0.00086386  8.6386e-005  0  0  0  
65  0.72369  3.5927e-006  0.022289  2.432e-007  0.00054443  0.82632  1.6996e-005  0.00532  8.4152e-008  0.00013459  0.14426  3.2887e-006  0.00012657  0.00088574  1.2326e-008  1.7825e-005  0  7.1854e-005  0  0  0  
66  0.78215  4.0913e-006  0.022234  2.7105e-007  0.00056383  0.82593  1.8411e-005  0.0052548  9.4356e-008  0.00013974  0.14473  3.5543e-006  0.00015112  0.00087963  1.368e-008  1.8283e-005  0  7.0064e-005  0  0  0  
67  0.84283  4.651e-006  0.021511  3.0255e-007  0.00058375  0.82579  1.9814e-005  0.0053392  1.0583e-007  0.00014522  0.14546  3.8561e-006  0.00017845  0.00087562  1.5187e-008  1.8746e-005  0  6.8578e-005  0  0  0  
68  0.90937  4.6076e-006  0.022158  3.365e-007  0.00060261  0.82475  2.1223e-005  0.0053334  1.1766e-007  0.00015043  0.14582  4.1567e-006  0.00020751  0.00086983  1.6825e-008  1.9244e-005  0  6.6969e-005  0  0  0  
69  0.97794  5.9717e-006  0.022138  3.7426e-007  0.00062274  0.82418  2.2905e-005  0.005348  1.3191e-007  0.00015594  0.14633  4.489e-006  0.00023948  0.00086509  1.8611e-008  1.9633e-005  0  6.5546e-005  0  0  0  
70  1.0513  6.7628e-006  0.022115  4.1471e-007  0.00064299  0.82371  2.454e-005  0.005355  1.4743e-007  0.00016151  0.14676  4.8414e-006  0.00027365  0.00085985  2.064e-008  2.0165e-005  0  6.4108e-005  0  0  0  
71  1.1303  7.6354e-006  0.022057  4.5918e-007  0.00066268  0.82193  2.6277e-005  0.0053616  1.6456e-007  0.00016757  0.14784  5.2377e-006  0.00030435  0.00088917  2.4154e-008  2.203e-005  0.00064852  7.5646e-005  0  0  0  
72  1.2133  8.5715e-006  0.021519  5.0358e-007  0.00068243  0.82006  2.8187e-005  0.0053819  1.8297e-007  0.0001739  0.14918  5.6786e-006  0.00033544  0.00091979  2.8105e-008  2.3984e-005  0.001594  8.3408e-005  0  0  0  
73  1.3032  9.6685e-006  0.021938  5.6093e-007  0.00070135  0.81722  3.008e-005  0.0053867  2.0411e-007  0.00018017  0.15032  6.131e-006  0.00036679  0.00094843  3.2689e-008  2.5936e-005  0.0027778  8.9318e-005  0  0  0  
74  1.3972  1.0879e-005  0.0219  6.1907e-007  0.00072142  0.81446  3.2135e-005  0.0054035  2.2687e-007  0.0001868  0.15158  6.6345e-006  0.00040007  0.00097835  3.7789e-008  2.7984e-005  0.004194  9.4114e-005  0  0  0  
75  1.4966  1.2227e-005  0.021448  6.8153e-007  0.000741  0.81182  3.4277e-005  0.0054188  2.519e-007  0.00019357  0.15294  7.1494e-006  0.00043297  0.0010076  4.3565e-008  3.0134e-005  0.0058064  9.8087e-005  0  0  0  
76  1.6032  1.3723e-005  0.021769  7.4852e-007  0.00076037  0.8084  3.649e-005  0.005433  2.7945e-007  0.00020023  0.15413  7.7347e-006  0.00046658  0.0010355  4.9964e-008  3.2249e-005  0.0076099  0.00010124  0  0  0  
77  1.7183  1.5306e-005  0.021649  8.2639e-007  0.00077925  0.80428  3.8817e-005  0.0054414  3.0902e-007  0.00020718  0.15509  8.3221e-006  0.00049933  0.0010528  5.6334e-008  3.3638e-005  0.0109  0  0  0  0  
78  1.8359  1.7158e-005  0.021625  9.042e-007  0.00079962  0.80125  4.1343e-005  0.0054633  3.4262e-007  0.00021407  0.15638  8.9876e-006  0.0005349  0.0010834  6.4819e-008  3.6168e-005  0.01249  4.6517e-005  0  0  0  
79  1.9617  1.9167e-005  0.021563  9.9404e-007  0.00081614  0.79778  4.3942e-005  0.00548  3.7876e-007  0.00022175  0.15752  9.6856e-006  0.00056992  0.0010787  7.3406e-008  3.8436e-005  0.014809  4.7255e-005  0  0  0  
80  2.0935  2.14e-005  0.021543  1.0891e-006  0.00083927  0.79485  4.6716e-005  0.005498  4.1892e-007  0.00022881  0.15859  1.0413e-005  0.00060569  0.0011393  8.407e-008  4.1128e-005  0.01648  0.00010934  0  0  0  
81  2.2315  2.393e-005  0.02151  1.1965e-006  0.00086041  0.79185  4.9653e-005  0.0055165  4.6157e-007  0.00023661  0.15998  1.1158e-005  0.00064217  0.0011692  9.59e-008  4.3962e-005  0.01797  0.00013413  3.482e-007  0  0  
82  2.3714  2.6735e-005  0.021506  1.3115e-006  0.00088302  0.79067  5.2838e-005  0.0055536  5.1446e-007  0.00024542  0.16151  1.206e-005  0.00068103  0.0012031  1.0922e-007  4.685e-005  0.017458  0.00015392  1.0289e-006  0  0  
83  2.5316  2.9704e-005  0.021449  1.4339e-006  0.00090179  0.78566  5.5932e-005  0.0055616  5.6485e-007  0.00025241  0.16235  1.2877e-005  0.00071653  0.0012285  1.2364e-007  4.981e-005  0.021567  0.00017064  2.0066e-006  0  0  
84  2.6914  3.3105e-005  0.021402  1.5717e-006  0.00092331  0.78286  5.9374e-005  0.0055882  6.205e-007  0.00026083  0.16348  1.3859e-005  0.000755  0.0012596  1.4045e-007  5.3281e-005  0.023111  0.00018726  3.2771e-006  0  0  
85  2.8602  3.685e-005  0.021397  1.7167e-006  0.00094468  0.78001  6.2967e-005  0.0056115  6.8526e-007  0.00026921  0.16467  1.4859e-005  0.00077267  0.0012901  1.5873e-007  5.6604e-005  0.024648  0.00020348  4.8248e-006  0  0  
86  3.038  4.0981e-005  0.021396  1.8795e-006  0.00096642  0.77715  6.6721e-005  0.0056386  7.5378e-007  0.00027781  0.1659  1.5931e-005  0.00083245  0.0013232  1.7939e-007  5.9973e-005  0.026103  0.00021922  6.682e-006  0  0  
87  3.2227  4.5552e-005  0.021379  2.0542e-006  0.00098985  0.7745  7.0748e-005  0.005666  8.316e-007  0.00028671  0.16694  1.7066e-005  0.00087225  0.0013529  2.0231e-007  6.3332e-005  0.027554  0.00024141  6.6404e-006  0  8.4401e-006  
88  3.4177  5.0618e-005  0.021388  2.2442e-006  0.0010094  0.77186  7.4962e-005  0.0056938  9.1289e-007  0.00029552  0.16795  1.8287e-005  0.00091289  0.001384  2.2764e-007  6.715e-005  0.028996  0.00026333  1.0124e-005  0  2.6889e-005  
89  3.6226  5.6202e-005  0.021393  2.4513e-006  0.0010324  0.76878  7.9362e-005  0.0057224  1.0048e-006  0.00030475  0.16921  1.9571e-005  0.00095235  0.0014133  2.5562e-007  7.0695e-005  0.030392  0.0002835  1.1566e-005  0.00023712  3.2711e-005  
90  3.8371  6.2365e-005  0.021396  2.6843e-006  0.0010555  0.76594  8.3918e-005  0.0057491  1.105e-006  0.00031378  0.17018  2.0927e-005  0.00099294  0.0014412  2.8667e-007  7.4666e-005  0.031743  0.00030231  1.2979e-005  0.00058586  3.7216e-005  
91  4.0575  6.9254e-005  0.021417  2.9328e-006  0.0010795  0.76402  8.8971e-005  0.0057843  1.215e-006  0.0003236  0.17153  2.2378e-005  0.0010327  0.0014664  3.2039e-007  7.788e-005  0.032483  0.00030068  1.2865e-005  0.00025213  3.3272e-005  
92  4.2882  7.6955e-005  0.021454  3.1948e-006  0.001103  0.76185  9.4211e-005  0.0058182  1.3339e-006  0.00033347  0.17256  2.3926e-005  0.0010727  0.0014948  3.5679e-007  8.1619e-005  0.033417  0.00030782  1.3455e-005  0.00025488  3.3324e-005  
93  4.53  8.521e-005  0.021479  3.4879e-006  0.001128  0.75961  9.978e-005  0.0058543  1.4658e-006  0.00034349  0.17373  2.5585e-005  0.0011126  0.001521  3.9735e-007  8.521e-005  0.034305  0.00031413  1.3996e-005  0.00025585  3.3289e-005  
94  4.7805  9.4551e-005  0.021525  3.8071e-006  0.0011526  0.75787  0.00010564  0.0058927  1.6086e-006  0.00035394  0.17488  2.734e-005  0.0011547  0.0015459  4.4138e-007  8.8693e-005  0.034954  0.00031126  1.3722e-005  0  2.8365e-005  
95  5.0433  0.00010489  0.021573  4.164e-006  0.0011778  0.75586  0.00011183  0.0059307  1.7667e-006  0.00036444  0.17588  2.9187e-005  0.0011956  0.0015704  4.9174e-007  9.24e-005  0.03575  0.00031666  1.4177e-005  0  2.8156e-005  
96  5.3199  0.00011598  0.021617  4.549e-006  0.001203  0.7534  0.00011824  0.0059588  1.9361e-006  0.00037482  0.17688  3.1147e-005  0.001235  0.0015978  5.4513e-007  9.6431e-005  0.03673  0.00033102  1.5508e-005  0.00025076  3.3027e-005  
97  5.6062  0.00012861  0.021672  4.9588e-006  0.0012272  0.75131  0.00012504  0.0060112  2.1226e-006  0.00038564  0.17802  3.3231e-005  0.0012754  0.0016214  6.0647e-007  0.00010025  0.037458  0.00033588  1.5982e-005  0.0002474  3.2928e-005  
98  5.9011  0.00014252  0.021742  5.4058e-006  0.001254  0.74969  0.00013218  0.0060497  2.3385e-006  0.00039704  0.17912  3.5468e-005  0.001315  0.0016455  6.7106e-007  0.00010388  0.037993  0.00033163  1.5506e-005  0  2.7554e-005  
99  6.2109  0.00015779  0.021817  5.909e-006  0.00128  0.74772  0.00013975  0.0060861  2.56e-006  0.00040832  0.18017  3.7821e-005  0.0013557  0.00166  7.4386e-007  0.00010788  0.038674  0.00033618  1.5924e-005  0  2.7355e-005  
100  6.5273  0.0001748  0.021908  6.4499e-006  0.0013084  0.74641  0.00014799  0.0061434  2.8036e-006  0.00042024  0.18139  4.0338e-005  0.0013957  0.0016868  8.2423e-007  0.00011199  0.038469  0.00034103  1.6347e-005  0  2.7194e-005  
101  6.8664  0.0001934  0.021977  7.0488e-006  0.001334  0.74391  0.00015627  0.006175  3.0729e-006  0.00043167  0.18219  4.2963e-005  0.0014345  0.00172  9.1023e-007  0.00011593  0.039919  0.0003453  1.6734e-005  0  2.7001e-005  
102  7.2153  0.00021413  0.02205  7.692e-006  0.001361  0.7419  0.0001652  0.0062229  3.3678e-006  0.0004435  0.18322  4.5736e-005  0.0014719  0.0017449  1.0076e-006  0.00012002  0.040636  0.00034981  1.713e-005  0  2.6846e-005  
103  7.5795  0.00023696  0.022139  8.3911e-006  0.0013893  0.73963  0.00017455  0.0062669  3.6942e-006  0.00045518  0.18418  4.8816e-005  0.0015107  0.0017693  1.1149e-006  0.00012455  0.041428  0.00036348  1.8682e-005  0.00021703  3.2733e-005  
104  7.899  0.00026409  0.022395  9.2417e-006  0.0014268  0.74301  0.00018572  0.0063553  4.0765e-006  0.00039625  0.17888  5.2285e-005  0.0015597  0.0018091  1.2419e-006  0.00013014  0.042537  0.00038106  2.0395e-005  0.00054184  3.7245e-005  
105  7.899  0.00026409  0.022395  9.2417e-006  0.0014268  0.74301  0.00018572  0.0063553  4.0765e-006  0.00039625  0.17888  5.2285e-005  0.0015597  0.0018091  1.2419e-006  0.00013014  0.042537  0.00038106  2.0395e-005  0.00054184  3.7245e-005  
106  7.899  0.00026409  0.022395  9.2417e-006  0.0014268  0.74301  0.00018572  0.0063553  4.0765e-006  0.00039625  0.17888  5.2285e-005  0.0015597  0.0018091  1.2419e-006  0.00013014  0.042537  0.00038106  2.0395e-005  0.00054184  3.7245e-005  
107  7.899  0.00026409  0.022395  9.2417e-006  0.0014268  0.74301  0.00018572  0.0063553  4.0765e-006  0.00039625  0.17888  5.2285e-005  0.0015597  0.0018091  1.2419e-006  0.00013014  0.042537  0.00038106  2.0395e-005  0.00054184  3.7245e-005  
108  7.899  0.00026409  0.022395  9.2417e-006  0.0014268  0.74301  0.00018572  0.0063553  4.0765e-006  0.00039625  0.17888  5.2285e-005  0.0015597  0.0018091  1.2419e-006  0.00013014  0.042537  0.00038106  2.0395e-005  0.00054184  3.7245e-005  
109  7.899  0.00026409  0.022395  9.2417e-006  0.0014268  0.74301  0.00018572  0.0063553  4.0765e-006  0.00039625  0.17888  5.2285e-005  0.0015597  0.0018091  1.2419e-006  0.00013014  0.042537  0.00038106  2.0395e-005  0.00054184  3.7245e-005  

#S 3 L3 x-ray emission rates
#N 22
#L Z  TOTAL  L3M1  L3M2  L3M3  L3M4  L3M5  L3N1  L3N2  L3N3  L3N4  L3N5  L3N6  L3N7  L3O1  L3O2  L3O3  L3O45  L3P1  L3P23  L3P45  L3Q1
1  0  0  0  0  0  0  0  0  0  0  0  0  0  0  0  0  0  0  0  0  0  
2  0  0  0  0  0  0  0  0  0  0  0  0  0  0  0  0  0  0  0  0  0  
3  0  0  0  0  0  0  0  0  0  0  0  0  0  0  0  0  0  0  0  0  0  
4  0  0  0  0  0  0  0  0  0  0  0  0  0  0  0  0  0  0  0  0  0  
5  0  0  0  0  0  0  0  0  0  0  0  0  0  0  0  0  0  0  0  0  0  
6  0  0  0  0  0  0  0  0  0  0  0  0  0  0  0  0  0  0  0  0  0  
7  0  0  0  0  0  0  0  0  0  0  0  0  0  0  0  0  0  0  0  0  0  
8  0  0  0  0  0  0  0  0  0  0  0  0  0  0  0  0  0  0  0  0  0  
9  0  0  0  0  0  0  0  0  0  0  0  0  0  0  0  0  0  0  0  0  0  
10  0  0  0  0  0  0  0  0  0  0  0  0  0  0  0  0  0  0  0  0  0  
11  1.93e-007  1  0  0  0  0  0  0  0  0  0  0  0  0  0  0  0  0  0  0  0  
12  1.15e-006  1  0  0  0  0  0  0  0  0  0  0  0  0  0  0  0  0  0  0  0  
13  2.11e-006  0.99999  7.0141e-006  6.9193e-006  0  0  0  0  0  0  0  0  0  0  0  0  0  0  0  0  0  
14  4.9502e-006  0.99996  1.9312e-005  1.905e-005  0  0  0  0  0  0  0  0  0  0  0  0  0  0  0  0  0  
15  8.0707e-006  0.99991  4.411e-005  4.3491e-005  0  0  0  0  0  0  0  0  0  0  0  0  0  0  0  0  0  
16  1.2302e-005  0.99984  8.2913e-005  8.1287e-005  0  0  0  0  0  0  0  0  0  0  0  0  0  0  0  0  0  
17  1.7805e-005  0.99973  0.0001376  0.00013536  0  0  0  0  0  0  0  0  0  0  0  0  0  0  0  0  0  
18  2.481e-005  0.99958  0.00021322  0.00020919  0  0  0  0  0  0  0  0  0  0  0  0  0  0  0  0  0  
19  3.6282e-005  0.97569  0.00027562  0.00027176  0  0  0.023758  0  0  0  0  0  0  0  0  0  0  0  0  0  0  
20  5.2775e-005  0.92847  0.00033349  0.00032781  0  0  0.070867  0  0  0  0  0  0  0  0  0  0  0  0  0  0  
21  0.00013888  0.46081  0.00019945  0.00019585  0.050617  0.45289  0.035281  0  0  0  0  0  0  0  0  0  0  0  0  0  0  
22  0.00028762  0.2844  0.00014568  0.00014255  0.069883  0.62408  0.021347  0  0  0  0  0  0  0  0  0  0  0  0  0  0  
23  0.00051963  0.19783  0.00011835  0.00011566  0.079287  0.70819  0.014453  0  0  0  0  0  0  0  0  0  0  0  0  0  0  
24  0.00091635  0.13674  9.3414e-005  9.1122e-005  0.086757  0.77263  0.0036886  0  0  0  0  0  0  0  0  0  0  0  0  0  0  
25  0.0013321  0.11688  9.2332e-005  8.933e-005  0.088204  0.7867  0.0080322  0  0  0  0  0  0  0  0  0  0  0  0  0  0  
26  0.0019731  0.095533  8.5144e-005  8.261e-005  0.090617  0.80735  0.0063351  0  0  0  0  0  0  0  0  0  0  0  0  0  0  
27  0.0028172  0.080256  8.022e-005  7.7736e-005  0.09236  0.82208  0.0051469  0  0  0  0  0  0  0  0  0  0  0  0  0  0  
28  0.0039018  0.068968  7.6888e-005  7.4325e-005  0.093803  0.83295  0.0041263  0  0  0  0  0  0  0  0  0  0  0  0  0  0  
29  0.005387  0.058474  7.184e-005  6.9241e-005  0.095415  0.84463  0.0013403  0  0  0  0  0  0  0  0  0  0  0  0  0  0  
30  0.0070058  0.053242  7.2654e-005  6.9942e-005  0.095635  0.84787  0.0031117  0  0  0  0  0  0  0  0  0  0  0  0  0  0  
31  0.0089321  0.049372  7.4339e-005  7.1428e-005  0.095834  0.85086  0.0037841  4.467e-007  4.2095e-007  0  0  0  0  0  0  0  0  0  0  0  0  
32  0.011182  0.046503  7.6909e-005  7.369e-005  0.096047  0.85316  0.0041406  1.3236e-006  1.252e-006  0  0  0  0  0  0  0  0  0  0  0  0  
33  0.01379  0.044235  7.9768e-005  7.6867e-005  0.096229  0.85497  0.004409  2.5816e-006  2.4438e-006  0  0  0  0  0  0  0  0  0  0  0  0  
34  0.01678  0.04249  8.3431e-005  7.9855e-005  0.096363  0.85636  0.0046185  4.2073e-006  3.9928e-006  0  0  0  0  0  0  0  0  0  0  0  0  
35  0.0202  0.04109  8.7625e-005  8.3665e-005  0.096487  0.85744  0.0047971  6.2377e-006  5.8912e-006  0  0  0  0  0  0  0  0  0  0  0  0  
36  0.024082  0.039947  9.2185e-005  8.7618e-005  0.096587  0.85832  0.0049498  8.5957e-006  8.1804e-006  0  0  0  0  0  0  0  0  0  0  0  0  
37  0.028507  0.039008  9.6819e-005  9.2258e-005  0.096608  0.85874  0.0052864  1.0769e-005  1.0278e-005  0  0  0  0  0.00014768  0  0  0  0  0  0  0  
38  0.033502  0.038207  0.00010208  9.7011e-005  0.096712  0.85877  0.0056057  1.2805e-005  1.2268e-005  0  0  0  0  0.00048356  0  0  0  0  0  0  0  
39  0.039297  0.037357  0.00010688  0.00010154  0.096192  0.85504  0.0057842  1.4454e-005  1.3869e-005  0.00049368  0.0043643  0  0  0.0005344  0  0  0  0  0  0  0  
40  0.045792  0.036644  0.00011181  0.00010613  0.09565  0.8495  0.0059268  1.6051e-005  1.5374e-005  0.001164  0.010308  0  0  0.00055905  0  0  0  0  0  0  0  
41  0.053306  0.03585  0.0001165  0.00011031  0.094549  0.84044  0.0059468  1.724e-005  1.649e-005  0.0023149  0.020411  0  0  0.00023262  0  0  0  0  0  0  0  
42  0.061585  0.035236  0.00012146  0.00011496  0.093855  0.833  0.0060405  1.8673e-005  1.7862e-005  0.0031924  0.028173  0  0  0.00023058  0  0  0  0  0  0  0  
43  0.070889  0.034646  0.00012654  0.00011962  0.092962  0.82523  0.006094  2.0172e-005  1.9326e-005  0.004129  0.036423  0  0  0.00022571  0  0  0  0  0  0  0  
44  0.081269  0.034121  0.00013166  0.00012428  0.09204  0.81704  0.0061401  2.1656e-005  2.0672e-005  0.0051065  0.045035  0  0  0.00022149  0  0  0  0  0  0  0  
45  0.09277  0.033632  0.0001369  0.00012935  0.091086  0.80845  0.0061766  2.3068e-005  2.199e-005  0.0061227  0.054005  0  0  0.00021559  0  0  0  0  0  0  0  
46  0.10572  0.033202  0.00014189  0.00013338  0.089959  0.79837  0.0061675  2.4311e-005  2.3081e-005  0.0073689  0.064608  0  0  0  0  0  0  0  0  0  0  
47  0.11962  0.032854  0.00014797  0.00013877  0.089114  0.79083  0.0062363  2.5999e-005  2.4745e-005  0.0082009  0.072228  0  0  0.0002023  0  0  0  0  0  0  0  
48  0.13483  0.032559  0.00015352  0.00014388  0.088406  0.78394  0.006319  2.7812e-005  2.6477e-005  0.0089371  0.078987  0  0  0.00049988  0  0  0  0  0  0  0  
49  0.15151  0.03234  0.00015972  0.00014916  0.087648  0.77748  0.0064086  2.97e-005  2.8314e-005  0.0096492  0.08547  0  0  0.00063426  2.508e-007  2.211e-007  0  0  0  0  0  
50  0.16953  0.032148  0.00016576  0.00015514  0.087007  0.77156  0.0065063  3.1676e-005  3.0261e-005  0.010293  0.091372  0  0  0.00073145  7.1965e-007  6.4886e-007  0  0  0  0  0  
51  0.18913  0.032042  0.00017237  0.00016074  0.086397  0.76615  0.0066093  3.3734e-005  3.2253e-005  0.010876  0.096707  0  0  0.00081585  1.3906e-006  1.2637e-006  0  0  0  0  0  
52  0.21033  0.03195  0.00017877  0.00016688  0.085866  0.76119  0.0067133  3.5896e-005  3.4375e-005  0.011406  0.10156  0  0  0.00089384  2.2489e-006  2.0587e-006  0  0  0  0  0  
53  0.23314  0.031912  0.00018572  0.00017328  0.085355  0.75661  0.0068284  3.8088e-005  3.6501e-005  0.011898  0.10599  0  0  0.00096807  3.307e-006  3.041e-006  0  0  0  0  0  
54  0.25774  0.031893  0.00019322  0.00017964  0.084893  0.75232  0.0069412  4.0351e-005  3.8761e-005  0.012338  0.11011  0  0  0.0010387  4.5783e-006  4.2291e-006  0  0  0  0  0  
55  0.28429  0.031904  0.00020015  0.00018608  0.084456  0.74818  0.0070597  4.2562e-005  4.1155e-005  0.012769  0.11397  0  0  0.0011467  5.6281e-006  5.3115e-006  0  3.6934e-005  0  0  0  
56  0.31284  0.031965  0.00020777  0.00019275  0.084036  0.74414  0.0071761  4.507e-005  4.3472e-005  0.01317  0.11763  0  0  0.0012562  6.6487e-006  6.329e-006  0  0.00012275  0  0  0  
57  0.34382  0.031993  0.00021523  0.00019923  0.083532  0.73963  0.0072916  4.7408e-005  4.5954e-005  0.013524  0.12099  0  0  0.0013437  7.4748e-006  7.1549e-006  0.0010325  0.00014135  0  0  0  
58  0.37473  0.03229  0.0002247  0.00020762  0.083794  0.74107  0.007352  4.9369e-005  4.7501e-005  0.01345  0.12009  2.2309e-006  1.2783e-005  0.0012809  7.2052e-006  6.8316e-006  0  0.00011955  0  0  0  
59  0.40838  0.032519  0.00023361  0.00021573  0.083746  0.73951  0.0074441  5.1668e-005  4.9709e-005  0.013566  0.12121  3.82e-006  2.1818e-005  0.0012905  7.4686e-006  7.0768e-006  0  0.00011754  0  0  0  
60  0.44518  0.032706  0.00024238  0.00022351  0.083338  0.73903  0.0075251  5.3687e-005  5.189e-005  0.013613  0.12175  5.6832e-006  3.2571e-005  0.0012939  7.7048e-006  7.278e-006  0  0.00011546  0  0  0  
61  0.48374  0.032951  0.00025158  0.00023173  0.083308  0.73799  0.0076073  5.6021e-005  5.3954e-005  0.013685  0.12238  7.9174e-006  4.5272e-005  0.0013003  7.9174e-006  7.4833e-006  0  0.0001137  0  0  0  
62  0.52388  0.033271  0.00026151  0.00024051  0.083416  0.73681  0.0077117  5.8219e-005  5.631e-005  0.013744  0.12293  1.0479e-005  5.9746e-005  0.0013075  8.1698e-006  7.7117e-006  0  0.00011205  0  0  0  
63  0.5677  0.033521  0.00027092  0.0002489  0.083143  0.73631  0.0077858  6.0419e-005  5.8482e-005  0.013775  0.1233  1.3387e-005  7.6097e-005  0.0013106  8.3847e-006  7.8915e-006  0  0.00011009  0  0  0  
64  0.61466  0.033759  0.00028016  0.00025705  0.082973  0.73374  0.0078906  6.2799e-005  6.0847e-005  0.013926  0.12462  1.5667e-005  8.9318e-005  0.0013764  9.1596e-006  8.6878e-006  0.00079719  0.00012739  0  0  0  
65  0.66157  0.034191  0.00029128  0.00026679  0.083135  0.73461  0.007981  6.4997e-005  6.3032e-005  0.013861  0.12395  2.0406e-005  0.00011518  0.0013241  8.8275e-006  8.2984e-006  0  0.00010717  0  0  0  
66  0.71264  0.034548  0.0003017  0.00027616  0.083072  0.73389  0.0080826  6.7355e-005  6.5251e-005  0.013892  0.12419  2.4416e-005  0.00013794  0.0013303  9.0368e-006  8.4896e-006  0  0.0001058  0  0  0  
67  0.76653  0.034911  0.00031245  0.00028557  0.082971  0.73317  0.0081797  6.9795e-005  6.7708e-005  0.01392  0.12446  2.8831e-005  0.00016281  0.0013372  9.2625e-006  8.6755e-006  0  0.00010463  0  0  0  
68  0.82429  0.035267  0.00032295  0.0002948  0.082859  0.73275  0.0082859  7.2062e-005  7e-005  0.013915  0.12447  3.3726e-005  0.00018986  0.001343  9.4627e-006  8.8561e-006  0  0.00010336  0  0  0  
69  0.88397  0.035635  0.00033418  0.00030476  0.082922  0.73193  0.008394  7.4437e-005  7.2401e-005  0.013937  0.12467  3.9029e-005  0.00021935  0.0013519  9.6836e-006  9.0501e-006  0  0.00010238  0  0  0  
70  0.94751  0.036095  0.00034511  0.00031451  0.082743  0.73139  0.0084959  7.6833e-005  7.4828e-005  0.013942  0.12475  4.4854e-005  0.00025108  0.0013594  9.8996e-006  9.2453e-006  0  0.00010132  0  0  0  
71  1.0157  0.036427  0.00035639  0.0003239  0.0826  0.72951  0.0086144  7.9351e-005  7.748e-005  0.014019  0.12552  5.0013e-005  0.00028058  0.0014216  1.0731e-005  1.0042e-005  0.00057101  0.0001208  0  0  0  
72  1.0876  0.03687  0.00036686  0.00033376  0.082383  0.72728  0.0087348  8.1923e-005  8.0176e-005  0.014104  0.12633  5.5351e-005  0.00031077  0.0014867  1.1493e-005  1.0941e-005  0.0014205  0.0001347  0  0  0  
73  1.163  0.03723  0.00037746  0.00034307  0.082113  0.72483  0.0088648  8.4521e-005  8.2973e-005  0.014196  0.12725  6.0962e-005  0.00034221  0.0015537  1.2381e-005  1.1866e-005  0.0024935  0.00014608  0  0  0  
74  1.2434  0.037637  0.00038844  0.00035305  0.081869  0.72219  0.0089992  8.7097e-005  8.5328e-005  0.014275  0.12811  6.6589e-005  0.00037396  0.0016197  1.327e-005  1.2707e-005  0.0037637  0.0001557  0  0  0  
75  1.3287  0.038007  0.00039964  0.00036201  0.081583  0.7195  0.0091217  8.9636e-005  8.8658e-005  0.01436  0.12892  7.2402e-005  0.00040641  0.0016866  1.4149e-005  1.3622e-005  0.0052081  0.00016399  0  0  0  
76  1.4178  0.03837  0.00041051  0.00037171  0.081255  0.71663  0.0092611  9.2258e-005  9.1624e-005  0.014438  0.12978  7.8434e-005  0.00044013  0.0017542  1.5024e-005  1.4601e-005  0.0068277  0.00017133  0  0  0  
77  1.5128  0.038407  0.00042109  0.00038142  0.080912  0.71327  0.0093935  9.4794e-005  9.4596e-005  0.01451  0.13056  8.4482e-005  0.00047397  0.0018066  1.5667e-005  1.5204e-005  0.0095653  0  0  0  0  
78  1.6123  0.039197  0.00043167  0.00039073  0.080566  0.71014  0.0095327  9.7373e-005  9.7622e-005  0.014581  0.1313  9.0737e-005  0.00050857  0.0018792  1.6622e-005  1.625e-005  0.011071  8.0628e-005  0  0  0  
79  1.7171  0.039602  0.00044261  0.00040068  0.080194  0.70701  0.0096675  9.9879e-005  0.00010064  0.014647  0.13203  9.7141e-005  0.00054395  0.0019452  1.7471e-005  1.7239e-005  0.013104  8.2757e-005  0  0  0  
80  1.8254  0.040047  0.00045416  0.00041088  0.079929  0.70397  0.0098227  0.00010255  0.00010387  0.01472  0.13285  0.00010387  0.00058071  0.0020215  1.8462e-005  1.8407e-005  0.014655  0.00019393  0  0  0  
81  1.9398  0.040468  0.000465  0.00042066  0.079596  0.70111  0.0099702  0.00010511  0.00010707  0.01479  0.13357  0.00011068  0.00061862  0.0020982  1.9487e-005  1.959e-005  0.01629  0.00024023  3.5829e-007  0  0  
82  2.0597  0.040977  0.00047628  0.00043064  0.079283  0.69816  0.010123  0.00010769  0.00011036  0.014857  0.13434  0.00011764  0.00065689  0.0021751  2.0537e-005  2.0877e-005  0.017867  0.00027771  1.0099e-006  0  0  
83  2.1846  0.041426  0.00048796  0.00044127  0.079008  0.69532  0.010286  0.00011027  0.00011371  0.014923  0.13508  0.00012483  0.00069624  0.0022567  2.1606e-005  2.2201e-005  0.019363  0.00031264  1.9088e-006  0  0  
84  2.3153  0.041939  0.0004993  0.00045135  0.078695  0.69279  0.010448  0.00011282  0.00011714  0.014988  0.13562  0.00013217  0.00073642  0.0023367  2.2632e-005  2.3539e-005  0.020732  0.00034683  3.0493e-006  0  0  
85  2.4527  0.042442  0.00051086  0.00046193  0.078402  0.68984  0.010609  0.0001153  0.0001206  0.015044  0.13658  0.00013984  0.0007775  0.0024218  2.3688e-005  2.4911e-005  0.022098  0.0003808  4.444e-006  0  0  
86  2.5945  0.042975  0.00052264  0.00047292  0.078126  0.68722  0.01078  0.00011794  0.00012411  0.015109  0.13721  0.00014762  0.00081981  0.0025053  2.4745e-005  2.6325e-005  0.023396  0.00041472  6.0512e-006  0  0  
87  2.743  0.043528  0.00053408  0.00048377  0.077833  0.68464  0.010937  0.0001203  0.0001276  0.015166  0.1378  0.0001553  0.00086255  0.0025884  2.5774e-005  2.7779e-005  0.024681  0.00046117  7.4005e-006  0  1.6114e-005  
88  2.8995  0.044042  0.00054561  0.00049422  0.07753  0.68184  0.01114  0.00012278  0.0001314  0.015209  0.13864  0.00016348  0.00090567  0.0026729  2.6798e-005  2.9246e-005  0.025935  0.00050836  8.6566e-006  0  5.1836e-005  
89  3.0609  0.044627  0.00055767  0.0005054  0.077264  0.6792  0.011304  0.00012512  0.00013525  0.015257  0.13917  0.00017152  0.00094905  0.0027606  2.7835e-005  3.0775e-005  0.027148  0.00055277  9.7356e-006  0.00019961  0  
90  3.2308  0.04519  0.0005692  0.00051659  0.076977  0.67661  0.011483  0.00012752  0.00013897  0.01529  0.13959  0.00017983  0.00099665  0.0028476  2.8847e-005  3.2314e-005  0.028321  0.00059551  1.0771e-005  0.00049678  0  
91  3.4036  0.045834  0.00058145  0.00052827  0.076772  0.67459  0.011664  0.00012986  0.00014279  0.015366  0.14044  0.00018833  0.0010401  0.0029263  2.9704e-005  3.3641e-005  0.028852  0.0005979  1.0695e-005  0.0002086  6.6166e-005  
92  3.5856  0.046435  0.00059348  0.00053993  0.076528  0.67241  0.011853  0.00013192  0.0001467  0.015395  0.14112  0.00019718  0.0010877  0.0030064  3.0594e-005  3.5057e-005  0.02959  0.00061774  1.11e-005  0.00020889  6.685e-005  
93  3.7727  0.047102  0.00060567  0.00055212  0.076338  0.67034  0.01206  0.00013412  0.00015082  0.015453  0.14154  0.00020595  0.0011345  0.0030906  3.1463e-005  3.6526e-005  0.030297  0.00063668  1.1451e-005  0.00020754  6.7405e-005  
94  3.9664  0.047776  0.00061819  0.00056449  0.076139  0.66861  0.012253  0.00013639  0.0001548  0.015505  0.14219  0.00021505  0.0011824  0.0031691  3.2246e-005  3.7868e-005  0.030708  0.00063634  1.1244e-005  0  5.7961e-005  
95  4.1705  0.048435  0.00063014  0.00057643  0.07601  0.66659  0.012445  0.00013835  0.00015897  0.015538  0.14267  0.00022395  0.0012301  0.003249  3.3018e-005  3.93e-005  0.031315  0.00065316  1.1533e-005  0  5.8051e-005  
96  4.3827  0.049102  0.00064207  0.00058867  0.075752  0.6642  0.012618  0.0001401  0.00016314  0.015561  0.14329  0.00023319  0.00128  0.0033335  3.3792e-005  4.0842e-005  0.032058  0.00068907  1.2412e-005  0.00019645  6.8679e-005  
97  4.6007  0.049797  0.00065425  0.00060122  0.075424  0.66229  0.012824  0.00014194  0.00016737  0.015585  0.14389  0.00024257  0.0013281  0.0034125  3.4495e-005  4.232e-005  0.032582  0.00070424  1.2694e-005  0.00019128  6.912e-005  
98  4.8243  0.050536  0.00066745  0.00061439  0.075244  0.66082  0.013038  0.00014385  0.00017184  0.015629  0.14427  0.00025226  0.0013784  0.0034927  3.5155e-005  4.3695e-005  0.032896  0.00070062  1.2333e-005  0  5.8205e-005  
99  5.0604  0.051241  0.00067781  0.00062643  0.075092  0.65884  0.01322  0.00014524  0.00017607  0.015651  0.14485  0.00026184  0.0014287  0.0035708  3.5768e-005  4.5174e-005  0.033357  0.00071535  1.2548e-005  0  5.8216e-005  
100  5.3023  0.051977  0.00069026  0.00063934  0.074873  0.65707  0.013428  0.00014692  0.00018049  0.015691  0.14522  0.00027158  0.0014805  0.0036493  3.6361e-005  4.6678e-005  0.033797  0.00073176  1.2768e-005  0  5.7522e-005  
101  5.5539  0.05272  0.00070221  0.0006536  0.074723  0.65522  0.01363  0.00014818  0.0001851  0.015701  0.14566  0.00028143  0.0015323  0.0037289  3.6893e-005  4.8183e-005  0.03421  0.00074543  1.2982e-005  0  5.8338e-005  
102  5.8144  0.053488  0.00071375  0.00066731  0.074471  0.65338  0.013828  0.00014946  0.00018953  0.01572  0.14619  0.00029152  0.001584  0.0038061  3.739e-005  4.9704e-005  0.034604  0.00076018  1.3174e-005  0  5.8304e-005  
103  6.0859  0.054224  0.00072463  0.00068026  0.07427  0.65134  0.014016  0.00015035  0.00019406  0.015741  0.14657  0.00030152  0.0016349  0.0038844  3.7858e-005  5.1266e-005  0.035147  0.00079364  1.4065e-005  0.00015232  7.1477e-005  
104  6.3663  0.054977  0.00073513  0.00069271  0.074141  0.6492  0.0142  0.00015127  0.0001987  0.015755  0.14687  0.0003118  0.0016886  0.0039631  3.8296e-005  5.3092e-005  0.035704  0.00082937  1.4954e-005  0.00039379  8.1209e-005  
105  6.3663  0.054977  0.00073513  0.00069271  0.074141  0.6492  0.0142  0.00015127  0.0001987  0.015755  0.14687  0.0003118  0.0016886  0.0039631  3.8296e-005  5.3092e-005  0.035704  0.00082937  1.4954e-005  0.00039379  8.1209e-005  
106  6.3663  0.054977  0.00073513  0.00069271  0.074141  0.6492  0.0142  0.00015127  0.0001987  0.015755  0.14687  0.0003118  0.0016886  0.0039631  3.8296e-005  5.3092e-005  0.035704  0.00082937  1.4954e-005  0.00039379  8.1209e-005  
107  6.3663  0.054977  0.00073513  0.00069271  0.074141  0.6492  0.0142  0.00015127  0.0001987  0.015755  0.14687  0.0003118  0.0016886  0.0039631  3.8296e-005  5.3092e-005  0.035704  0.00082937  1.4954e-005  0.00039379  8.1209e-005  
108  6.3663  0.054977  0.00073513  0.00069271  0.074141  0.6492  0.0142  0.00015127  0.0001987  0.015755  0.14687  0.0003118  0.0016886  0.0039631  3.8296e-005  5.3092e-005  0.035704  0.00082937  1.4954e-005  0.00039379  8.1209e-005  
109  6.3663  0.054977  0.00073513  0.00069271  0.074141  0.6492  0.0142  0.00015127  0.0001987  0.015755  0.14687  0.0003118  0.0016886  0.0039631  3.8296e-005  5.3092e-005  0.035704  0.00082937  1.4954e-005  0.00039379  8.1209e-005  
