
#S 1 M1 emission rates
#N 20
#L Z  TOTAL  M1M2  M1M3  M1M4  M1M5  M1N1  M1N2  M1N3  M1N4  M1N5  M1N6  M1N7  M1O1  M1O2  M1O3  M1O4  M1O5  M1P2  M1P3
1  0  0  0  0  0  0  0  0  0  0  0  0  0  0  0  0  0  0  0  
2  0  0  0  0  0  0  0  0  0  0  0  0  0  0  0  0  0  0  0  
3  0  0  0  0  0  0  0  0  0  0  0  0  0  0  0  0  0  0  0  
4  0  0  0  0  0  0  0  0  0  0  0  0  0  0  0  0  0  0  0  
5  0  0  0  0  0  0  0  0  0  0  0  0  0  0  0  0  0  0  0  
6  0  0  0  0  0  0  0  0  0  0  0  0  0  0  0  0  0  0  0  
7  0  0  0  0  0  0  0  0  0  0  0  0  0  0  0  0  0  0  0  
8  0  0  0  0  0  0  0  0  0  0  0  0  0  0  0  0  0  0  0  
9  0  0  0  0  0  0  0  0  0  0  0  0  0  0  0  0  0  0  0  
10  0  0  0  0  0  0  0  0  0  0  0  0  0  0  0  0  0  0  0  
11  0  0  0  0  0  0  0  0  0  0  0  0  0  0  0  0  0  0  0  
12  0  0  0  0  0  0  0  0  0  0  0  0  0  0  0  0  0  0  0  
13  0  0  0  0  0  0  0  0  0  0  0  0  0  0  0  0  0  0  0  
14  0  0  0  0  0  0  0  0  0  0  0  0  0  0  0  0  0  0  0  
15  0  0  0  0  0  0  0  0  0  0  0  0  0  0  0  0  0  0  0  
16  0  0  0  0  0  0  0  0  0  0  0  0  0  0  0  0  0  0  0  
17  0  0  0  0  0  0  0  0  0  0  0  0  0  0  0  0  0  0  0  
18  0  0  0  0  0  0  0  0  0  0  0  0  0  0  0  0  0  0  0  
19  0  0  0  0  0  0  0  0  0  0  0  0  0  0  0  0  0  0  0  
20  0  0  0  0  0  0  0  0  0  0  0  0  0  0  0  0  0  0  0  
21  0  0  0  0  0  0  0  0  0  0  0  0  0  0  0  0  0  0  0  
22  0  0  0  0  0  0  0  0  0  0  0  0  0  0  0  0  0  0  0  
23  0  0  0  0  0  0  0  0  0  0  0  0  0  0  0  0  0  0  0  
24  0  0  0  0  0  0  0  0  0  0  0  0  0  0  0  0  0  0  0  
25  0  0  0  0  0  0  0  0  0  0  0  0  0  0  0  0  0  0  0  
26  0  0  0  0  0  0  0  0  0  0  0  0  0  0  0  0  0  0  0  
27  0  0  0  0  0  0  0  0  0  0  0  0  0  0  0  0  0  0  0  
28  0  0  0  0  0  0  0  0  0  0  0  0  0  0  0  0  0  0  0  
29  0  0  0  0  0  0  0  0  0  0  0  0  0  0  0  0  0  0  0  
30  0  0  0  0  0  0  0  0  0  0  0  0  0  0  0  0  0  0  0  
31  0  0  0  0  0  0  0  0  0  0  0  0  0  0  0  0  0  0  0  
32  0  0  0  0  0  0  0  0  0  0  0  0  0  0  0  0  0  0  0  
33  0  0  0  0  0  0  0  0  0  0  0  0  0  0  0  0  0  0  0  
34  0  0  0  0  0  0  0  0  0  0  0  0  0  0  0  0  0  0  0  
35  0  0  0  0  0  0  0  0  0  0  0  0  0  0  0  0  0  0  0  
36  0  0  0  0  0  0  0  0  0  0  0  0  0  0  0  0  0  0  0  
37  0  0  0  0  0  0  0  0  0  0  0  0  0  0  0  0  0  0  0  
38  0  0  0  0  0  0  0  0  0  0  0  0  0  0  0  0  0  0  0  
39  0  0  0  0  0  0  0  0  0  0  0  0  0  0  0  0  0  0  0  
40  0  0  0  0  0  0  0  0  0  0  0  0  0  0  0  0  0  0  0  
41  0  0  0  0  0  0  0  0  0  0  0  0  0  0  0  0  0  0  0  
42  0  0  0  0  0  0  0  0  0  0  0  0  0  0  0  0  0  0  0  
43  0  0  0  0  0  0  0  0  0  0  0  0  0  0  0  0  0  0  0  
44  0  0  0  0  0  0  0  0  0  0  0  0  0  0  0  0  0  0  0  
45  0  0  0  0  0  0  0  0  0  0  0  0  0  0  0  0  0  0  0  
46  0  0  0  0  0  0  0  0  0  0  0  0  0  0  0  0  0  0  0  
47  0  0  0  0  0  0  0  0  0  0  0  0  0  0  0  0  0  0  0  
48  0.00053671  0.032792  0.079373  3.4469e-005  3.9314e-005  9.1297e-010  0.51611  0.37078  0.0004509  0.00042481  0  0  1.1179e-009  0  0  0  0  0  0  
49  0.00066913  0.027861  0.07355  3.1555e-005  3.6529e-005  6.8191e-009  0.52691  0.37042  0.00061316  0.00058028  0  0  3.1171e-009  0  0  0  0  0  0  
50  0.00080155  0.02456  0.069651  2.9603e-005  3.4665e-005  1.0774e-008  0.53414  0.37018  0.00072182  0.00068439  0  0  4.4557e-009  0  0  0  0  0  0  
51  0.00093397  0.022194  0.066857  2.8205e-005  3.3329e-005  1.3607e-008  0.53933  0.37  0.00079966  0.00075897  0  0  5.4147e-009  0  0  0  0  0  0  
52  0.0010664  0.020416  0.064758  2.7154e-005  3.2325e-005  1.5737e-008  0.54322  0.36987  0.00085817  0.00081503  0  0  6.1355e-009  0  0  0  0  0  0  
53  0.0011988  0.019031  0.063122  2.6336e-005  3.1543e-005  1.7396e-008  0.54626  0.36977  0.00090375  0.00085871  0  0  6.6971e-009  0  0  0  0  0  0  
54  0.0013312  0.017921  0.061812  2.568e-005  3.0917e-005  1.8725e-008  0.54869  0.36969  0.00094027  0.00089369  0  0  7.147e-009  0  0  0  0  0  0  
55  0.0016598  0.015002  0.053562  2.2172e-005  2.6811e-005  1.7472e-008  0.48561  0.32595  0.00085555  0.00081337  0  0  6.6275e-009  0.070492  0.047658  0  0  0  0  
56  0.0019606  0.013329  0.053397  2.1734e-005  2.6863e-005  3.2417e-008  0.49123  0.31895  0.000998  0.00094416  0  0  1.0598e-008  0.073277  0.04782  0  0  0  0  
57  0.0022614  0.012101  0.053275  2.1412e-005  2.69e-005  4.3384e-008  0.49536  0.31381  0.0011025  0.0010401  0  0  1.3512e-008  0.075321  0.047939  0  0  0  0  
58  0.0025623  0.011162  0.053182  2.1166e-005  2.6929e-005  5.1777e-008  0.49852  0.30988  0.0011825  0.0011136  0  0  1.5741e-008  0.076885  0.04803  0  0  0  0  
59  0.0028631  0.01042  0.053108  2.0972e-005  2.6952e-005  5.8406e-008  0.50101  0.30678  0.0012457  0.0011716  0  0  1.7502e-008  0.07812  0.048102  0  0  0  0  
60  0.003164  0.0098189  0.053049  2.0814e-005  2.697e-005  6.3774e-008  0.50303  0.30426  0.0012969  0.0012186  0  0  1.8928e-008  0.07912  0.048161  0  0  0  0  
61  0.0034648  0.0093223  0.053  2.0684e-005  2.6986e-005  6.821e-008  0.5047  0.30218  0.0013392  0.0012574  0  0  2.0107e-008  0.079947  0.048209  0  0  0  0  
62  0.0037656  0.0089051  0.052958  2.0575e-005  2.6999e-005  7.1937e-008  0.5061  0.30044  0.0013747  0.00129  0  0  2.1097e-008  0.080642  0.048249  0  0  0  0  
63  0.0040665  0.0085496  0.052923  2.0482e-005  2.7009e-005  7.5113e-008  0.50729  0.29895  0.001405  0.0013178  0  0  2.1941e-008  0.081233  0.048284  0  0  0  0  
64  0.0043673  0.008243  0.052893  2.0401e-005  2.7019e-005  7.7851e-008  0.50832  0.29766  0.0014311  0.0013418  2.7706e-006  2.7248e-006  2.2668e-008  0.081743  0.048313  0  0  0  0  
65  0.0048348  0.0077459  0.055018  2.108e-005  2.844e-005  9.7901e-008  0.51501  0.29267  0.0015426  0.0014409  3.2232e-006  3.1611e-006  2.7578e-008  0.080389  0.046124  0  0  0  0  
66  0.0053023  0.0073365  0.056768  2.1638e-005  2.961e-005  1.1442e-007  0.52053  0.28855  0.0016345  0.0015226  3.5959e-006  3.5205e-006  3.1622e-008  0.079274  0.044321  0  0  0  0  
67  0.0057698  0.0069934  0.058235  2.2107e-005  3.0591e-005  1.2826e-007  0.52515  0.28511  0.0017115  0.0015911  3.9083e-006  3.8217e-006  3.501e-008  0.07834  0.042809  0  0  0  0  
68  0.0062372  0.0067017  0.059482  2.2505e-005  3.1424e-005  1.4002e-007  0.52908  0.28218  0.001777  0.0016492  4.1739e-006  4.0777e-006  3.7891e-008  0.077545  0.041525  0  0  0  0  
69  0.0067047  0.0064507  0.060555  2.2847e-005  3.2142e-005  1.5014e-007  0.53246  0.27965  0.0018333  0.0016993  4.4024e-006  4.298e-006  4.037e-008  0.076862  0.040419  0  0  0  0  
70  0.0071722  0.0062324  0.061488  2.3145e-005  3.2766e-005  1.5895e-007  0.5354  0.27746  0.0018823  0.0017428  4.6011e-006  4.4896e-006  4.2525e-008  0.076267  0.039458  0  0  0  0  
71  0.0081194  0.0057245  0.065017  2.4706e-005  3.6e-005  2.1602e-007  0.53612  0.26554  0.0020432  0.0018819  6.1211e-006  5.9955e-006  6.5953e-008  0.082801  0.040803  0  0  0  0  
72  0.0090667  0.0053228  0.067808  2.5941e-005  3.8559e-005  2.6117e-007  0.53669  0.2561  0.0021706  0.0019919  7.3235e-006  7.1867e-006  8.4485e-008  0.08797  0.041867  0  0  0  0  
73  0.010014  0.004997  0.070072  2.6942e-005  4.0633e-005  2.9778e-007  0.53715  0.24845  0.0022738  0.0020811  8.2984e-006  8.1526e-006  9.9511e-008  0.092161  0.04273  0  0  0  0  
74  0.010961  0.0047276  0.071944  2.7771e-005  4.2349e-005  3.2806e-007  0.53753  0.24213  0.0023592  0.0021549  9.1048e-006  8.9515e-006  1.1194e-007  0.095628  0.043444  0  0  0  0  
75  0.011909  0.004501  0.073519  2.8467e-005  4.3792e-005  3.5353e-007  0.53785  0.2368  0.002431  0.0022169  9.7829e-006  9.6233e-006  1.2239e-007  0.098543  0.044044  0  0  0  0  
76  0.012856  0.0043078  0.074861  2.9061e-005  4.5022e-005  3.7524e-007  0.53812  0.23227  0.0024923  0.0022698  1.0361e-005  1.0196e-005  1.313e-007  0.10103  0.044556  0  0  0  0  
77  0.013803  0.0041411  0.076019  2.9573e-005  4.6084e-005  3.9397e-007  0.53836  0.22835  0.0025451  0.0023154  1.086e-005  1.069e-005  1.3899e-007  0.10317  0.044997  0  0  0  0  
78  0.01475  0.0039958  0.077029  3.002e-005  4.7009e-005  4.1029e-007  0.53856  0.22494  0.0025911  0.0023552  1.1295e-005  1.1121e-005  1.4569e-007  0.10504  0.045382  0  0  0  0  
79  0.015698  0.0038681  0.077916  3.0412e-005  4.7822e-005  4.2465e-007  0.53874  0.22194  0.0026316  0.0023902  1.1677e-005  1.15e-005  1.5158e-007  0.10668  0.04572  0  0  0  0  
80  0.016655  0.0037527  0.078657  3.0742e-005  4.8515e-005  4.3712e-007  0.53859  0.21916  0.0026659  0.0024197  1.2009e-005  1.1829e-005  1.5671e-007  0.10808  0.045993  0.00030922  0.0002738  0  0  
81  0.018765  0.0034504  0.086742  3.564e-005  5.8153e-005  6.1269e-007  0.53882  0.20443  0.0028687  0.0025809  1.5127e-005  1.4938e-005  2.4932e-007  0.11478  0.045429  0.00040952  0.0003641  0  0  
82  0.020875  0.0032092  0.093192  3.9547e-005  6.5843e-005  7.5276e-007  0.539  0.19269  0.0030305  0.0027095  1.7614e-005  1.7419e-005  3.2321e-007  0.12013  0.044978  0.00048955  0.00043615  0  0  
83  0.022985  0.0030123  0.098458  4.2737e-005  7.212e-005  8.6712e-007  0.53915  0.1831  0.0031626  0.0028145  1.9645e-005  1.9444e-005  3.8353e-007  0.1245  0.044611  0.00055487  0.00049497  0  0  
84  0.025095  0.0028485  0.10284  4.539e-005  7.7342e-005  9.6224e-007  0.53927  0.17512  0.0032725  0.0029019  2.1334e-005  2.1129e-005  4.337e-007  0.12813  0.044305  0.00060922  0.0005439  0  0  
85  0.027205  0.0027102  0.10654  4.7632e-005  8.1754e-005  1.0426e-006  0.53937  0.16838  0.0033653  0.0029757  2.2761e-005  2.2552e-005  4.7609e-007  0.1312  0.044047  0.00065513  0.00058523  0  0  
86  0.029316  0.0025917  0.10971  4.9551e-005  8.5531e-005  1.1114e-006  0.53946  0.16261  0.0034447  0.0030388  2.3983e-005  2.3771e-005  5.1238e-007  0.13382  0.043826  0.00069443  0.00062062  0  0  
87  0.031426  0.0024891  0.11245  5.1212e-005  8.88e-005  1.171e-006  0.53954  0.15761  0.0035135  0.0030935  2.5041e-005  2.4825e-005  5.438e-007  0.1361  0.043634  0.00072846  0.00065126  0  0  
88  0.033536  0.0023995  0.11485  5.2665e-005  9.1659e-005  1.223e-006  0.53961  0.15325  0.0035737  0.0031413  2.5965e-005  2.5747e-005  5.7126e-007  0.13808  0.043467  0.0007582  0.00067803  0  0  
89  0.035646  0.0023205  0.11696  5.3945e-005  9.4178e-005  1.2689e-006  0.53967  0.1494  0.0036267  0.0031834  2.678e-005  2.656e-005  5.9547e-007  0.13984  0.043319  0.00078442  0.00070164  0  0  
90  0.037756  0.0022503  0.11884  5.5082e-005  9.6416e-005  1.3097e-006  0.53972  0.14598  0.0036738  0.0032209  2.7504e-005  2.7282e-005  6.1698e-007  0.14139  0.043188  0.00080771  0.00072261  0  0  
91  0.039866  0.0021875  0.12052  5.6099e-005  9.8417e-005  1.3462e-006  0.53977  0.14292  0.0037159  0.0032543  2.8152e-005  2.7928e-005  6.362e-007  0.14278  0.043071  0.00082854  0.00074136  0  0  
92  0.041976  0.002131  0.12203  5.7014e-005  0.00010022  1.3789e-006  0.53981  0.14017  0.0037538  0.0032844  2.8734e-005  2.8509e-005  6.535e-007  0.14404  0.042965  0.00084727  0.00075823  0  0  
93  0.045556  0.0020129  0.11941  5.5976e-005  9.8561e-005  1.3632e-006  0.52244  0.13324  0.0036658  0.0032049  2.8317e-005  2.8098e-005  6.4756e-007  0.14049  0.041488  0.00083634  0.00074854  0.025244  0.0070024  
94  0.045556  0.0020129  0.11941  5.5976e-005  9.8561e-005  1.3632e-006  0.52244  0.13324  0.0036658  0.0032049  2.8317e-005  2.8098e-005  6.4756e-007  0.14049  0.041488  0.00083634  0.00074854  0.025244  0.0070024  
95  0.045556  0.0020129  0.11941  5.5976e-005  9.8561e-005  1.3632e-006  0.52244  0.13324  0.0036658  0.0032049  2.8317e-005  2.8098e-005  6.4756e-007  0.14049  0.041488  0.00083634  0.00074854  0.025244  0.0070024  
96  0.045556  0.0020129  0.11941  5.5976e-005  9.8561e-005  1.3632e-006  0.52244  0.13324  0.0036658  0.0032049  2.8317e-005  2.8098e-005  6.4756e-007  0.14049  0.041488  0.00083634  0.00074854  0.025244  0.0070024  
97  0.045556  0.0020129  0.11941  5.5976e-005  9.8561e-005  1.3632e-006  0.52244  0.13324  0.0036658  0.0032049  2.8317e-005  2.8098e-005  6.4756e-007  0.14049  0.041488  0.00083634  0.00074854  0.025244  0.0070024  
98  0.045556  0.0020129  0.11941  5.5976e-005  9.8561e-005  1.3632e-006  0.52244  0.13324  0.0036658  0.0032049  2.8317e-005  2.8098e-005  6.4756e-007  0.14049  0.041488  0.00083634  0.00074854  0.025244  0.0070024  
99  0.045556  0.0020129  0.11941  5.5976e-005  9.8561e-005  1.3632e-006  0.52244  0.13324  0.0036658  0.0032049  2.8317e-005  2.8098e-005  6.4756e-007  0.14049  0.041488  0.00083634  0.00074854  0.025244  0.0070024  
100  0.045556  0.0020129  0.11941  5.5976e-005  9.8561e-005  1.3632e-006  0.52244  0.13324  0.0036658  0.0032049  2.8317e-005  2.8098e-005  6.4756e-007  0.14049  0.041488  0.00083634  0.00074854  0.025244  0.0070024  
101  0.045556  0.0020129  0.11941  5.5976e-005  9.8561e-005  1.3632e-006  0.52244  0.13324  0.0036658  0.0032049  2.8317e-005  2.8098e-005  6.4756e-007  0.14049  0.041488  0.00083634  0.00074854  0.025244  0.0070024  
102  0.045556  0.0020129  0.11941  5.5976e-005  9.8561e-005  1.3632e-006  0.52244  0.13324  0.0036658  0.0032049  2.8317e-005  2.8098e-005  6.4756e-007  0.14049  0.041488  0.00083634  0.00074854  0.025244  0.0070024  
103  0.045556  0.0020129  0.11941  5.5976e-005  9.8561e-005  1.3632e-006  0.52244  0.13324  0.0036658  0.0032049  2.8317e-005  2.8098e-005  6.4756e-007  0.14049  0.041488  0.00083634  0.00074854  0.025244  0.0070024  
104  0.045556  0.0020129  0.11941  5.5976e-005  9.8561e-005  1.3632e-006  0.52244  0.13324  0.0036658  0.0032049  2.8317e-005  2.8098e-005  6.4756e-007  0.14049  0.041488  0.00083634  0.00074854  0.025244  0.0070024  
105  0.045556  0.0020129  0.11941  5.5976e-005  9.8561e-005  1.3632e-006  0.52244  0.13324  0.0036658  0.0032049  2.8317e-005  2.8098e-005  6.4756e-007  0.14049  0.041488  0.00083634  0.00074854  0.025244  0.0070024  
106  0.045556  0.0020129  0.11941  5.5976e-005  9.8561e-005  1.3632e-006  0.52244  0.13324  0.0036658  0.0032049  2.8317e-005  2.8098e-005  6.4756e-007  0.14049  0.041488  0.00083634  0.00074854  0.025244  0.0070024  
107  0.045556  0.0020129  0.11941  5.5976e-005  9.8561e-005  1.3632e-006  0.52244  0.13324  0.0036658  0.0032049  2.8317e-005  2.8098e-005  6.4756e-007  0.14049  0.041488  0.00083634  0.00074854  0.025244  0.0070024  
108  0.045556  0.0020129  0.11941  5.5976e-005  9.8561e-005  1.3632e-006  0.52244  0.13324  0.0036658  0.0032049  2.8317e-005  2.8098e-005  6.4756e-007  0.14049  0.041488  0.00083634  0.00074854  0.025244  0.0070024  
109  0.045556  0.0020129  0.11941  5.5976e-005  9.8561e-005  1.3632e-006  0.52244  0.13324  0.0036658  0.0032049  2.8317e-005  2.8098e-005  6.4756e-007  0.14049  0.041488  0.00083634  0.00074854  0.025244  0.0070024  

#S 2 M2 emission rates
#N 20
#L Z  TOTAL  M2M3  M2M4  M2M5  M2N1  M2N2  M2N3  M2N4  M2N5  M2N6  M2N7  M2O1  M2O2  M2O3  M2O4  M2O5  M2O6  M2P1  M2P4
1  0  0  0  0  0  0  0  0  0  0  0  0  0  0  0  0  0  0  0  
2  0  0  0  0  0  0  0  0  0  0  0  0  0  0  0  0  0  0  0  
3  0  0  0  0  0  0  0  0  0  0  0  0  0  0  0  0  0  0  0  
4  0  0  0  0  0  0  0  0  0  0  0  0  0  0  0  0  0  0  0  
5  0  0  0  0  0  0  0  0  0  0  0  0  0  0  0  0  0  0  0  
6  0  0  0  0  0  0  0  0  0  0  0  0  0  0  0  0  0  0  0  
7  0  0  0  0  0  0  0  0  0  0  0  0  0  0  0  0  0  0  0  
8  0  0  0  0  0  0  0  0  0  0  0  0  0  0  0  0  0  0  0  
9  0  0  0  0  0  0  0  0  0  0  0  0  0  0  0  0  0  0  0  
10  0  0  0  0  0  0  0  0  0  0  0  0  0  0  0  0  0  0  0  
11  0  0  0  0  0  0  0  0  0  0  0  0  0  0  0  0  0  0  0  
12  0  0  0  0  0  0  0  0  0  0  0  0  0  0  0  0  0  0  0  
13  0  0  0  0  0  0  0  0  0  0  0  0  0  0  0  0  0  0  0  
14  0  0  0  0  0  0  0  0  0  0  0  0  0  0  0  0  0  0  0  
15  0  0  0  0  0  0  0  0  0  0  0  0  0  0  0  0  0  0  0  
16  0  0  0  0  0  0  0  0  0  0  0  0  0  0  0  0  0  0  0  
17  0  0  0  0  0  0  0  0  0  0  0  0  0  0  0  0  0  0  0  
18  0  0  0  0  0  0  0  0  0  0  0  0  0  0  0  0  0  0  0  
19  0  0  0  0  0  0  0  0  0  0  0  0  0  0  0  0  0  0  0  
20  0  0  0  0  0  0  0  0  0  0  0  0  0  0  0  0  0  0  0  
21  0  0  0  0  0  0  0  0  0  0  0  0  0  0  0  0  0  0  0  
22  0  0  0  0  0  0  0  0  0  0  0  0  0  0  0  0  0  0  0  
23  0  0  0  0  0  0  0  0  0  0  0  0  0  0  0  0  0  0  0  
24  0  0  0  0  0  0  0  0  0  0  0  0  0  0  0  0  0  0  0  
25  0  0  0  0  0  0  0  0  0  0  0  0  0  0  0  0  0  0  0  
26  0  0  0  0  0  0  0  0  0  0  0  0  0  0  0  0  0  0  0  
27  0  0  0  0  0  0  0  0  0  0  0  0  0  0  0  0  0  0  0  
28  0  0  0  0  0  0  0  0  0  0  0  0  0  0  0  0  0  0  0  
29  0  0  0  0  0  0  0  0  0  0  0  0  0  0  0  0  0  0  0  
30  0  0  0  0  0  0  0  0  0  0  0  0  0  0  0  0  0  0  0  
31  0  0  0  0  0  0  0  0  0  0  0  0  0  0  0  0  0  0  0  
32  0  0  0  0  0  0  0  0  0  0  0  0  0  0  0  0  0  0  0  
33  0  0  0  0  0  0  0  0  0  0  0  0  0  0  0  0  0  0  0  
34  0  0  0  0  0  0  0  0  0  0  0  0  0  0  0  0  0  0  0  
35  0  0  0  0  0  0  0  0  0  0  0  0  0  0  0  0  0  0  0  
36  0  0  0  0  0  0  0  0  0  0  0  0  0  0  0  0  0  0  0  
37  0  0  0  0  0  0  0  0  0  0  0  0  0  0  0  0  0  0  0  
38  0  0  0  0  0  0  0  0  0  0  0  0  0  0  0  0  0  0  0  
39  0  0  0  0  0  0  0  0  0  0  0  0  0  0  0  0  0  0  0  
40  0  0  0  0  0  0  0  0  0  0  0  0  0  0  0  0  0  0  0  
41  0  0  0  0  0  0  0  0  0  0  0  0  0  0  0  0  0  0  0  
42  0  0  0  0  0  0  0  0  0  0  0  0  0  0  0  0  0  0  0  
43  0  0  0  0  0  0  0  0  0  0  0  0  0  0  0  0  0  0  0  
44  0  0  0  0  0  0  0  0  0  0  0  0  0  0  0  0  0  0  0  
45  0  0  0  0  0  0  0  0  0  0  0  0  0  0  0  0  0  0  0  
46  0  0  0  0  0  0  0  0  0  0  0  0  0  0  0  0  0  0  0  
47  0  0  0  0  0  0  0  0  0  0  0  0  0  0  0  0  0  0  0  
48  0.0004689  1.4502e-007  0.30497  3.8388e-009  0.31137  2.9857e-009  0.00020921  0.35829  1.1943e-007  0  0  0.025165  0  0  0  0  0  0  0  
49  0.00059763  2.1944e-007  0.26414  4.1354e-009  0.2945  4.8764e-009  0.0002399  0.41019  2.0223e-007  0  0  0.030932  0  0  0  0  0  0  0  
50  0.00072636  2.6748e-007  0.23778  4.3269e-009  0.28361  6.0969e-009  0.00025971  0.4437  2.5568e-007  0  0  0.034654  0  0  0  0  0  0  0  
51  0.00085509  3.0105e-007  0.21936  4.4607e-009  0.27599  6.95e-009  0.00027355  0.46712  2.9303e-007  0  0  0.037256  0  0  0  0  0  0  0  
52  0.00098382  3.2584e-007  0.20576  4.5595e-009  0.27037  7.5798e-009  0.00028378  0.48441  3.2062e-007  0  0  0.039177  0  0  0  0  0  0  0  
53  0.0011126  3.449e-007  0.1953  4.6354e-009  0.26605  8.0638e-009  0.00029163  0.4977  3.4181e-007  0  0  0.040653  0  0  0  0  0  0  0  
54  0.0012413  3.6e-007  0.18702  4.6956e-009  0.26263  8.4475e-009  0.00029786  0.50823  3.5861e-007  0  0  0.041823  0  0  0  0  0  0  0  
55  0.0013739  3.7121e-007  0.17978  4.7312e-009  0.25912  8.7345e-009  0.00030207  0.51533  3.7121e-007  0  0  0.042653  1.7469e-009  4.4619e-005  0  0  0  0.0027586  0  
56  0.001622  6.0489e-007  0.16975  5.6927e-009  0.25326  1.4112e-008  0.00033978  0.53118  5.2131e-007  0  0  0.04239  3.0279e-009  5.209e-005  0  0  0  0.0030292  0  
57  0.0018701  7.7656e-007  0.16238  6.399e-009  0.24895  1.8062e-008  0.00036748  0.54282  6.3158e-007  0  0  0.042197  3.9689e-009  5.7579e-005  0  0  0  0.003228  0  
58  0.0021182  9.0801e-007  0.15674  6.9399e-009  0.24565  2.1087e-008  0.0003887  0.55173  7.1602e-007  0  0  0.042049  4.6896e-009  6.1782e-005  0  0  0  0.0033803  0  
59  0.0023663  1.0119e-006  0.15228  7.3674e-009  0.24304  2.3478e-008  0.00040546  0.55877  7.8275e-007  0  0  0.041932  5.2591e-009  6.5104e-005  0  0  0  0.0035006  0  
60  0.0026144  1.0961e-006  0.14866  7.7137e-009  0.24093  2.5415e-008  0.00041905  0.56448  8.3682e-007  0  0  0.041837  5.7205e-009  6.7796e-005  0  0  0  0.003598  0  
61  0.0028625  1.1656e-006  0.14568  8e-009  0.23918  2.7016e-008  0.00043028  0.5692  8.8151e-007  0  0  0.041758  6.1019e-009  7.002e-005  0  0  0  0.0036786  0  
62  0.0031106  1.2241e-006  0.14317  8.2406e-009  0.23772  2.8362e-008  0.00043971  0.57316  9.1908e-007  0  0  0.041692  6.4225e-009  7.189e-005  0  0  0  0.0037463  0  
63  0.0033587  1.274e-006  0.14103  8.4457e-009  0.23647  2.9509e-008  0.00044776  0.57654  9.5109e-007  0  0  0.041636  6.6957e-009  7.3484e-005  0  0  0  0.003804  0  
64  0.0037559  1.2647e-006  0.13365  8.2802e-009  0.22604  2.9287e-008  0.00043664  0.55645  9.3984e-007  0.0021646  3.1949e-009  0.039937  6.6561e-009  7.1886e-005  0.03754  0  0  0.0037008  0  
65  0.004124  1.6792e-006  0.13466  9.9215e-009  0.22692  3.718e-008  0.00047001  0.56417  1.1098e-006  0.0023622  4.0009e-009  0.039363  8.0827e-009  7.4401e-005  0.028491  0  0  0.0034877  0  
66  0.0044921  2.0258e-006  0.1355  1.1294e-008  0.22766  4.378e-008  0.00049791  0.57063  1.2518e-006  0.0025274  4.6748e-009  0.038883  9.2754e-009  7.6504e-005  0.020925  0  0  0.0033095  0  
67  0.0048602  2.3198e-006  0.13621  1.2458e-008  0.22828  4.938e-008  0.00052158  0.5761  1.3724e-006  0.0026676  5.2466e-009  0.038475  1.0288e-008  7.8288e-005  0.014505  0  0  0.0031583  0  
68  0.0052283  2.5725e-006  0.13682  1.3459e-008  0.22882  5.4192e-008  0.00054192  0.58081  1.4759e-006  0.002788  5.7379e-009  0.038125  1.1157e-008  7.9821e-005  0.0089895  0  0  0.0030284  0  
69  0.0055964  2.7919e-006  0.13735  1.4328e-008  0.22928  5.837e-008  0.00055958  0.58489  1.5659e-006  0.0028926  6.1646e-009  0.037822  1.1912e-008  8.1153e-005  0.0041991  0  0  0.0029155  0  
70  0.0059645  2.9843e-006  0.13781  1.5089e-008  0.22969  6.2033e-008  0.00057506  0.58848  1.6447e-006  0.0029843  6.5386e-009  0.037555  1.2574e-008  8.232e-005  0  0  0  0.0028166  0  
71  0.0067027  4.3147e-006  0.13976  2.029e-008  0.22722  8.5935e-008  0.00061721  0.58648  2.0274e-006  0.0035583  1.0757e-008  0.039133  2.0812e-008  9.8751e-005  0  0  0  0.0031226  0  
72  0.0074409  5.3811e-006  0.14133  2.4459e-008  0.22524  1.0509e-007  0.000651  0.58488  2.3341e-006  0.0040183  1.4138e-008  0.040398  2.7416e-008  0.00011192  0  0  0  0.0033679  0  
73  0.0081791  6.255e-006  0.14261  2.7876e-008  0.22362  1.208e-007  0.00067868  0.58356  2.5855e-006  0.0043954  1.6909e-008  0.041435  3.2828e-008  0.00012272  0  0  0  0.0035689  0  
74  0.0089172  6.9842e-006  0.14368  3.0727e-008  0.22227  1.339e-007  0.00070179  0.58247  2.7953e-006  0.00471  1.9221e-008  0.0423  3.7343e-008  0.00013172  0  0  0  0.0037366  0  
75  0.0096554  7.602e-006  0.14458  3.3142e-008  0.22112  1.45e-007  0.00072136  0.58154  2.9729e-006  0.0049765  2.118e-008  0.043033  4.1169e-008  0.00013935  0  0  0  0.0038787  0  
76  0.010394  8.1319e-006  0.14536  3.5214e-008  0.22014  1.5452e-007  0.00073815  0.58074  3.1254e-006  0.0052051  2.286e-008  0.043662  4.445e-008  0.0001459  0  0  0  0.0040005  0  
77  0.011132  8.5916e-006  0.14603  3.7011e-008  0.21928  1.6278e-007  0.00075271  0.58005  3.2576e-006  0.0054035  2.4318e-008  0.044207  4.7297e-008  0.00015158  0  0  0  0.0041063  0  
78  0.01187  8.9942e-006  0.14662  3.8585e-008  0.21854  1.7001e-007  0.00076546  0.57945  3.3734e-006  0.0055771  2.5594e-008  0.044684  4.979e-008  0.00015655  0  0  0  0.0041988  0  
79  0.012608  9.3495e-006  0.14714  3.9974e-008  0.21788  1.7639e-007  0.00077672  0.57891  3.4756e-006  0.0057304  2.6721e-008  0.045106  5.199e-008  0.00016094  0  0  0  0.0042806  0  
80  0.014274  9.0372e-006  0.13801  3.8531e-008  0.20316  1.7024e-007  0.00073559  0.54083  3.3347e-006  0.0054854  2.5921e-008  0.042524  5.044e-008  0.00015412  0.065012  3.804e-007  0  0.0040703  0  
81  0.016031  1.3714e-005  0.14501  6.0269e-008  0.20024  2.4117e-007  0.00077784  0.52563  4.0701e-006  0.0061546  4.0212e-008  0.043686  8.4166e-008  0.0001785  0.073158  6.2457e-007  0  0.005145  0  
82  0.017787  1.7467e-005  0.15063  7.7715e-008  0.1979  2.981e-007  0.00081174  0.51343  4.6603e-006  0.0066916  5.168e-008  0.044618  1.1123e-007  0.00019807  0.079695  8.2052e-007  0  0.0060074  0  
83  0.019543  2.0546e-005  0.15524  9.2025e-008  0.19598  3.448e-007  0.00083956  0.50342  5.1444e-006  0.0071321  6.1087e-008  0.045383  1.3343e-007  0.00021412  0.085058  9.8125e-007  0  0.0067149  0  
84  0.0213  2.3117e-005  0.15909  1.0397e-007  0.19437  3.8379e-007  0.00086278  0.49506  5.5487e-006  0.0075  6.8943e-008  0.046021  1.5197e-007  0.00022752  0.089536  1.1155e-006  0  0.0073057  0  
85  0.023056  2.5296e-005  0.16235  1.141e-007  0.19301  4.1685e-007  0.00088247  0.48798  5.8914e-006  0.0078118  7.5602e-008  0.046562  1.6769e-007  0.00023888  0.093332  1.2293e-006  0  0.0078064  0  
86  0.024812  2.7167e-005  0.16515  1.228e-007  0.19184  4.4522e-007  0.00089937  0.4819  6.1855e-006  0.0080794  8.1318e-008  0.047027  1.8118e-007  0.00024864  0.09659  1.3269e-006  0  0.0082363  0  
87  0.026569  2.879e-005  0.16758  1.3034e-007  0.19083  4.6984e-007  0.00091403  0.47662  6.4408e-006  0.0083117  8.6279e-008  0.04743  1.9288e-007  0.0002571  0.099418  1.4117e-006  0  0.0086094  0  
88  0.028325  3.0213e-005  0.16971  1.3695e-007  0.18994  4.9141e-007  0.00092688  0.472  6.6644e-006  0.0085152  9.0624e-008  0.047783  2.0314e-007  0.00026451  0.10189  1.4859e-006  0  0.0089361  0  
89  0.030081  3.1469e-005  0.17159  1.4279e-007  0.18915  5.1046e-007  0.00093823  0.46791  6.8619e-006  0.0086949  9.4462e-008  0.048095  2.1219e-007  0.00027106  0.10408  1.5515e-006  0  0.0092248  0  
90  0.031838  3.2586e-005  0.17326  1.4799e-007  0.18846  5.2741e-007  0.00094832  0.46428  7.0376e-006  0.0088548  9.7877e-008  0.048373  2.2025e-007  0.00027689  0.10603  1.6098e-006  0  0.0094815  0  
91  0.033594  3.3587e-005  0.17476  1.5264e-007  0.18783  5.4259e-007  0.00095736  0.46103  7.195e-006  0.008998  1.0093e-007  0.048621  2.2747e-007  0.0002821  0.10777  1.6621e-006  0  0.0097115  0  
92  0.03535  3.4488e-005  0.17611  1.5683e-007  0.18727  5.5626e-007  0.0009655  0.4581  7.3367e-006  0.0091269  1.0369e-007  0.048845  2.3397e-007  0.0002868  0.10934  1.7091e-006  0  0.0099185  0  
93  3.1271  4.1891e-007  0.0021042  1.9059e-009  0.0022161  6.7474e-009  1.1544e-005  0.0054043  8.8579e-008  0.00010969  1.2599e-009  0.000582  2.8461e-009  3.4536e-006  0.0013143  2.0786e-008  9.2737e-006  0.00011992  0.98812  
94  3.1271  4.1891e-007  0.0021042  1.9059e-009  0.0022161  6.7474e-009  1.1544e-005  0.0054043  8.8579e-008  0.00010969  1.2599e-009  0.000582  2.8461e-009  3.4536e-006  0.0013143  2.0786e-008  9.2737e-006  0.00011992  0.98812  
95  3.1271  4.1891e-007  0.0021042  1.9059e-009  0.0022161  6.7474e-009  1.1544e-005  0.0054043  8.8579e-008  0.00010969  1.2599e-009  0.000582  2.8461e-009  3.4536e-006  0.0013143  2.0786e-008  9.2737e-006  0.00011992  0.98812  
96  3.1271  4.1891e-007  0.0021042  1.9059e-009  0.0022161  6.7474e-009  1.1544e-005  0.0054043  8.8579e-008  0.00010969  1.2599e-009  0.000582  2.8461e-009  3.4536e-006  0.0013143  2.0786e-008  9.2737e-006  0.00011992  0.98812  
97  3.1271  4.1891e-007  0.0021042  1.9059e-009  0.0022161  6.7474e-009  1.1544e-005  0.0054043  8.8579e-008  0.00010969  1.2599e-009  0.000582  2.8461e-009  3.4536e-006  0.0013143  2.0786e-008  9.2737e-006  0.00011992  0.98812  
98  3.1271  4.1891e-007  0.0021042  1.9059e-009  0.0022161  6.7474e-009  1.1544e-005  0.0054043  8.8579e-008  0.00010969  1.2599e-009  0.000582  2.8461e-009  3.4536e-006  0.0013143  2.0786e-008  9.2737e-006  0.00011992  0.98812  
99  3.1271  4.1891e-007  0.0021042  1.9059e-009  0.0022161  6.7474e-009  1.1544e-005  0.0054043  8.8579e-008  0.00010969  1.2599e-009  0.000582  2.8461e-009  3.4536e-006  0.0013143  2.0786e-008  9.2737e-006  0.00011992  0.98812  
100  3.1271  4.1891e-007  0.0021042  1.9059e-009  0.0022161  6.7474e-009  1.1544e-005  0.0054043  8.8579e-008  0.00010969  1.2599e-009  0.000582  2.8461e-009  3.4536e-006  0.0013143  2.0786e-008  9.2737e-006  0.00011992  0.98812  
101  3.1271  4.1891e-007  0.0021042  1.9059e-009  0.0022161  6.7474e-009  1.1544e-005  0.0054043  8.8579e-008  0.00010969  1.2599e-009  0.000582  2.8461e-009  3.4536e-006  0.0013143  2.0786e-008  9.2737e-006  0.00011992  0.98812  
102  3.1271  4.1891e-007  0.0021042  1.9059e-009  0.0022161  6.7474e-009  1.1544e-005  0.0054043  8.8579e-008  0.00010969  1.2599e-009  0.000582  2.8461e-009  3.4536e-006  0.0013143  2.0786e-008  9.2737e-006  0.00011992  0.98812  
103  3.1271  4.1891e-007  0.0021042  1.9059e-009  0.0022161  6.7474e-009  1.1544e-005  0.0054043  8.8579e-008  0.00010969  1.2599e-009  0.000582  2.8461e-009  3.4536e-006  0.0013143  2.0786e-008  9.2737e-006  0.00011992  0.98812  
104  3.1271  4.1891e-007  0.0021042  1.9059e-009  0.0022161  6.7474e-009  1.1544e-005  0.0054043  8.8579e-008  0.00010969  1.2599e-009  0.000582  2.8461e-009  3.4536e-006  0.0013143  2.0786e-008  9.2737e-006  0.00011992  0.98812  
105  3.1271  4.1891e-007  0.0021042  1.9059e-009  0.0022161  6.7474e-009  1.1544e-005  0.0054043  8.8579e-008  0.00010969  1.2599e-009  0.000582  2.8461e-009  3.4536e-006  0.0013143  2.0786e-008  9.2737e-006  0.00011992  0.98812  
106  3.1271  4.1891e-007  0.0021042  1.9059e-009  0.0022161  6.7474e-009  1.1544e-005  0.0054043  8.8579e-008  0.00010969  1.2599e-009  0.000582  2.8461e-009  3.4536e-006  0.0013143  2.0786e-008  9.2737e-006  0.00011992  0.98812  
107  3.1271  4.1891e-007  0.0021042  1.9059e-009  0.0022161  6.7474e-009  1.1544e-005  0.0054043  8.8579e-008  0.00010969  1.2599e-009  0.000582  2.8461e-009  3.4536e-006  0.0013143  2.0786e-008  9.2737e-006  0.00011992  0.98812  
108  3.1271  4.1891e-007  0.0021042  1.9059e-009  0.0022161  6.7474e-009  1.1544e-005  0.0054043  8.8579e-008  0.00010969  1.2599e-009  0.000582  2.8461e-009  3.4536e-006  0.0013143  2.0786e-008  9.2737e-006  0.00011992  0.98812  
109  3.1271  4.1891e-007  0.0021042  1.9059e-009  0.0022161  6.7474e-009  1.1544e-005  0.0054043  8.8579e-008  0.00010969  1.2599e-009  0.000582  2.8461e-009  3.4536e-006  0.0013143  2.0786e-008  9.2737e-006  0.00011992  0.98812  

#S 3 M3 emission rates
#N 19
#L Z  TOTAL  M3M4  M3M5  M3N1  M3N2  M3N3  M3N4  M3N5  M3N6  M3N7  M3O1  M3O2  M3O3  M3O4  M3O5  M3O6  M3P2  M3Q1
1  0  0  0  0  0  0  0  0  0  0  0  0  0  0  0  0  0  0  
2  0  0  0  0  0  0  0  0  0  0  0  0  0  0  0  0  0  0  
3  0  0  0  0  0  0  0  0  0  0  0  0  0  0  0  0  0  0  
4  0  0  0  0  0  0  0  0  0  0  0  0  0  0  0  0  0  0  
5  0  0  0  0  0  0  0  0  0  0  0  0  0  0  0  0  0  0  
6  0  0  0  0  0  0  0  0  0  0  0  0  0  0  0  0  0  0  
7  0  0  0  0  0  0  0  0  0  0  0  0  0  0  0  0  0  0  
8  0  0  0  0  0  0  0  0  0  0  0  0  0  0  0  0  0  0  
9  0  0  0  0  0  0  0  0  0  0  0  0  0  0  0  0  0  0  
10  0  0  0  0  0  0  0  0  0  0  0  0  0  0  0  0  0  0  
11  0  0  0  0  0  0  0  0  0  0  0  0  0  0  0  0  0  0  
12  0  0  0  0  0  0  0  0  0  0  0  0  0  0  0  0  0  0  
13  0  0  0  0  0  0  0  0  0  0  0  0  0  0  0  0  0  0  
14  0  0  0  0  0  0  0  0  0  0  0  0  0  0  0  0  0  0  
15  0  0  0  0  0  0  0  0  0  0  0  0  0  0  0  0  0  0  
16  0  0  0  0  0  0  0  0  0  0  0  0  0  0  0  0  0  0  
17  0  0  0  0  0  0  0  0  0  0  0  0  0  0  0  0  0  0  
18  0  0  0  0  0  0  0  0  0  0  0  0  0  0  0  0  0  0  
19  0  0  0  0  0  0  0  0  0  0  0  0  0  0  0  0  0  0  
20  0  0  0  0  0  0  0  0  0  0  0  0  0  0  0  0  0  0  
21  0  0  0  0  0  0  0  0  0  0  0  0  0  0  0  0  0  0  
22  0  0  0  0  0  0  0  0  0  0  0  0  0  0  0  0  0  0  
23  0  0  0  0  0  0  0  0  0  0  0  0  0  0  0  0  0  0  
24  0  0  0  0  0  0  0  0  0  0  0  0  0  0  0  0  0  0  
25  0  0  0  0  0  0  0  0  0  0  0  0  0  0  0  0  0  0  
26  0  0  0  0  0  0  0  0  0  0  0  0  0  0  0  0  0  0  
27  0  0  0  0  0  0  0  0  0  0  0  0  0  0  0  0  0  0  
28  0  0  0  0  0  0  0  0  0  0  0  0  0  0  0  0  0  0  
29  0  0  0  0  0  0  0  0  0  0  0  0  0  0  0  0  0  0  
30  0  0  0  0  0  0  0  0  0  0  0  0  0  0  0  0  0  0  
31  0  0  0  0  0  0  0  0  0  0  0  0  0  0  0  0  0  0  
32  0  0  0  0  0  0  0  0  0  0  0  0  0  0  0  0  0  0  
33  0  0  0  0  0  0  0  0  0  0  0  0  0  0  0  0  0  0  
34  0  0  0  0  0  0  0  0  0  0  0  0  0  0  0  0  0  0  
35  0  0  0  0  0  0  0  0  0  0  0  0  0  0  0  0  0  0  
36  0  0  0  0  0  0  0  0  0  0  0  0  0  0  0  0  0  0  
37  0  0  0  0  0  0  0  0  0  0  0  0  0  0  0  0  0  0  
38  0  0  0  0  0  0  0  0  0  0  0  0  0  0  0  0  0  0  
39  0  0  0  0  0  0  0  0  0  0  0  0  0  0  0  0  0  0  
40  0  0  0  0  0  0  0  0  0  0  0  0  0  0  0  0  0  0  
41  0  0  0  0  0  0  0  0  0  0  0  0  0  0  0  0  0  0  
42  0  0  0  0  0  0  0  0  0  0  0  0  0  0  0  0  0  0  
43  0  0  0  0  0  0  0  0  0  0  0  0  0  0  0  0  0  0  
44  0  0  0  0  0  0  0  0  0  0  0  0  0  0  0  0  0  0  
45  0  0  0  0  0  0  0  0  0  0  0  0  0  0  0  0  0  0  
46  0  0  0  0  0  0  0  0  0  0  0  0  0  0  0  0  0  0  
47  0  0  0  0  0  0  0  0  0  0  0  0  0  0  0  0  0  0  
48  0.00037664  0.023338  0.15877  0.44339  0.00027347  0.00012426  0.052039  0.28675  0  0  0.035312  0  0  0  0  0  0  0  
49  0.00048512  0.019035  0.13122  0.42051  0.00031038  0.00014041  0.05916  0.32569  0  0  0.043936  0  0  0  0  0  0  0  
50  0.00059361  0.016305  0.11374  0.40599  0.00033379  0.00015065  0.063678  0.3504  0  0  0.049407  0  0  0  0  0  0  0  
51  0.00070209  0.014418  0.10166  0.39596  0.00034997  0.00015773  0.0668  0.36747  0  0  0.053188  0  0  0  0  0  0  0  
52  0.00081058  0.013037  0.092809  0.38861  0.00036182  0.00016292  0.069086  0.37998  0  0  0.055957  0  0  0  0  0  0  0  
53  0.00091906  0.011981  0.08605  0.383  0.00037087  0.00016688  0.070833  0.38953  0  0  0.058072  0  0  0  0  0  0  0  
54  0.0010275  0.011149  0.080719  0.37857  0.00037802  0.00017  0.072211  0.39706  0  0  0.05974  0  0  0  0  0  0  0  
55  0.0011406  0.010433  0.0761  0.37349  0.00038225  0.00017184  0.073031  0.40154  0  0  0.060845  5.5672e-005  2.4899e-005  0  0  0  0.0039277  0  
56  0.0013567  0.0091152  0.067844  0.36837  0.00042816  0.00019115  0.07546  0.41309  0  0  0.06103  6.4453e-005  3.4413e-005  0  0  0  0.0043684  0  
57  0.0015728  0.0081594  0.061856  0.36467  0.00046145  0.00020515  0.077222  0.42147  0  0  0.061164  7.0821e-005  4.1313e-005  0  0  0  0.004688  0  
58  0.0017889  0.0074346  0.057315  0.36186  0.0004867  0.00021577  0.078557  0.42782  0  0  0.061266  7.565e-005  4.6546e-005  0  0  0  0.0049303  0  
59  0.002005  0.006866  0.053754  0.35965  0.0005065  0.0002241  0.079605  0.4328  0  0  0.061346  7.9439e-005  5.065e-005  0  0  0  0.0051204  0  
60  0.0022211  0.0064081  0.050885  0.35787  0.00052245  0.00023081  0.080449  0.43681  0  0  0.06141  8.249e-005  5.3956e-005  0  0  0  0.0052736  0  
61  0.0024373  0.0060314  0.048525  0.35641  0.00053558  0.00023633  0.081143  0.44011  0  0  0.061463  8.5e-005  5.6676e-005  0  0  0  0.0053995  0  
62  0.0026534  0.005716  0.046549  0.35519  0.00054656  0.00024095  0.081724  0.44288  0  0  0.061507  8.7101e-005  5.8952e-005  0  0  0  0.005505  0  
63  0.0028695  0.0054482  0.044871  0.35415  0.00055589  0.00024488  0.082218  0.44522  0  0  0.061544  8.8886e-005  6.0886e-005  0  0  0  0.0055945  0  
64  0.0031075  0.0051809  0.043121  0.35076  0.00055993  0.0002465  0.082058  0.44408  0.00031922  0.0014095  0.061141  8.9781e-005  6.2107e-005  0.0053418  0  0  0.0056314  0  
65  0.0034541  0.0048107  0.04087  0.35272  0.00059784  0.00026104  0.082897  0.44633  0.00034018  0.0014973  0.060219  9.2403e-005  5.7179e-005  0.0040049  0  0  0.0052981  0  
66  0.0038006  0.004508  0.039029  0.35433  0.00062885  0.00027294  0.083583  0.44817  0.00035731  0.001569  0.059464  9.4546e-005  5.3149e-005  0.0029118  0  0  0.0050255  0  
67  0.0041471  0.0042559  0.037496  0.35567  0.00065467  0.00028285  0.084154  0.44971  0.00037158  0.0016288  0.058836  9.6331e-005  4.9793e-005  0.0020014  0  0  0.0047985  0  
68  0.0044937  0.0040427  0.036199  0.3568  0.00067651  0.00029122  0.084638  0.451  0.00038365  0.0016794  0.058304  9.7841e-005  4.6955e-005  0.0012314  0  0  0.0046065  0  
69  0.0048402  0.00386  0.035088  0.35777  0.00069522  0.0002984  0.085052  0.45212  0.00039399  0.0017227  0.057849  9.9135e-005  4.4523e-005  0.0005716  0  0  0.004442  0  
70  0.0051867  0.0037018  0.034126  0.35861  0.00071143  0.00030462  0.08541  0.45308  0.00040295  0.0017603  0.057454  0.00010026  4.2416e-005  0  0  0  0.0042994  0  
71  0.0058797  0.0033743  0.031991  0.35784  0.00075871  0.00032348  0.085667  0.45206  0.00046295  0.0020302  0.060496  0.00011718  4.9951e-005  0  0  0  0.0048301  0  
72  0.0065728  0.0031159  0.030307  0.35723  0.00079601  0.00033837  0.08587  0.45126  0.00051029  0.0022432  0.062896  0.00013054  5.5897e-005  0  0  0  0.0052489  0  
73  0.0072658  0.0029068  0.028944  0.35674  0.0008262  0.00035041  0.086034  0.45061  0.0005486  0.0024156  0.064838  0.00014135  6.0709e-005  0  0  0  0.0055878  0  
74  0.0079588  0.0027341  0.027818  0.35634  0.00085113  0.00036036  0.086169  0.45007  0.00058024  0.0025579  0.066442  0.00015027  6.4683e-005  0  0  0  0.0058677  0  
75  0.0086518  0.0025891  0.026873  0.356  0.00087207  0.00036871  0.086283  0.44962  0.00060681  0.0026775  0.067789  0.00015777  6.8021e-005  0  0  0  0.0061028  0  
76  0.0093448  0.0024655  0.026068  0.35571  0.0008899  0.00037582  0.086379  0.44923  0.00062944  0.0027793  0.068937  0.00016416  7.0863e-005  0  0  0  0.006303  0  
77  0.010038  0.0023591  0.025374  0.35546  0.00090528  0.00038195  0.086463  0.4489  0.00064894  0.0028671  0.069925  0.00016966  7.3313e-005  0  0  0  0.0064755  0  
78  0.010731  0.0022664  0.02477  0.35524  0.00091866  0.00038729  0.086536  0.44861  0.00066593  0.0029435  0.070787  0.00017445  7.5446e-005  0  0  0  0.0066258  0  
79  0.011424  0.0021849  0.024239  0.35505  0.00093042  0.00039199  0.086599  0.44836  0.00068086  0.0030106  0.071543  0.00017866  7.7321e-005  0  0  0  0.0067578  0  
80  0.012831  0.0019952  0.022446  0.33513  0.00088848  0.0003741  0.081834  0.4232  0.00065545  0.0028993  0.068195  0.00017224  7.4586e-005  0.0091966  0.04645  0  0.0064922  0  
81  0.014566  0.0018098  0.021151  0.33324  0.00092894  0.00039133  0.080695  0.41488  0.00070196  0.0031127  0.070608  0.00019044  8.473e-005  0.010525  0.053297  0  0.0083843  0  
82  0.016301  0.0016639  0.020131  0.33175  0.00096079  0.00040489  0.079799  0.40834  0.00073858  0.0032807  0.072508  0.00020476  9.2715e-005  0.011571  0.058686  0  0.0098736  0  
83  0.018035  0.0015461  0.019308  0.33054  0.00098652  0.00041585  0.079075  0.40305  0.00076814  0.0034163  0.074042  0.00021633  9.9163e-005  0.012416  0.063038  0  0.011076  0  
84  0.01977  0.0014489  0.018629  0.32955  0.0010077  0.00042488  0.078478  0.39869  0.00079252  0.0035282  0.075307  0.00022586  0.00010448  0.013112  0.066627  0  0.012068  0  
85  0.021505  0.0013675  0.01806  0.32872  0.0010255  0.00043245  0.077977  0.39504  0.00081297  0.003622  0.076368  0.00023386  0.00010894  0.013696  0.069636  0  0.0129  0  
86  0.02324  0.0012982  0.017576  0.32801  0.0010406  0.0004389  0.077552  0.39193  0.00083036  0.0037018  0.07727  0.00024066  0.00011273  0.014193  0.072196  0  0.013607  0  
87  0.024975  0.0012385  0.017159  0.3274  0.0010537  0.00044444  0.077185  0.38925  0.00084534  0.0037705  0.078047  0.00024652  0.000116  0.014621  0.074401  0  0.014217  0  
88  0.02671  0.0011865  0.016796  0.32687  0.001065  0.00044927  0.076866  0.38692  0.00085837  0.0038303  0.078723  0.00025162  0.00011884  0.014993  0.076319  0  0.014747  0  
89  0.028445  0.0011409  0.016477  0.32641  0.001075  0.00045351  0.076586  0.38488  0.00086981  0.0038828  0.079317  0.0002561  0.00012134  0.01532  0.078003  0  0.015212  0  
90  0.03018  0.0011006  0.016195  0.326  0.0010838  0.00045726  0.076338  0.38307  0.00087994  0.0039293  0.079843  0.00026006  0.00012355  0.015609  0.079493  0  0.015624  0  
91  0.031914  0.0010646  0.015944  0.32563  0.0010916  0.00046061  0.076117  0.38145  0.00088896  0.0039707  0.080311  0.00026359  0.00012551  0.015867  0.080822  0  0.015991  0  
92  0.033649  0.0010324  0.015719  0.3253  0.0010987  0.00046361  0.075919  0.38001  0.00089706  0.0040079  0.080731  0.00026676  0.00012728  0.016098  0.082013  0  0.016321  0  
93  0.035448  0.0010015  0.015487  0.32442  0.001103  0.00046547  0.075604  0.37802  0.00090273  0.0040341  0.080964  0.00026913  0.00012864  0.016277  0.082938  6.7423e-005  0.016588  0.0017321  
94  0.035448  0.0010015  0.015487  0.32442  0.001103  0.00046547  0.075604  0.37802  0.00090273  0.0040341  0.080964  0.00026913  0.00012864  0.016277  0.082938  6.7423e-005  0.016588  0.0017321  
95  0.035448  0.0010015  0.015487  0.32442  0.001103  0.00046547  0.075604  0.37802  0.00090273  0.0040341  0.080964  0.00026913  0.00012864  0.016277  0.082938  6.7423e-005  0.016588  0.0017321  
96  0.035448  0.0010015  0.015487  0.32442  0.001103  0.00046547  0.075604  0.37802  0.00090273  0.0040341  0.080964  0.00026913  0.00012864  0.016277  0.082938  6.7423e-005  0.016588  0.0017321  
97  0.035448  0.0010015  0.015487  0.32442  0.001103  0.00046547  0.075604  0.37802  0.00090273  0.0040341  0.080964  0.00026913  0.00012864  0.016277  0.082938  6.7423e-005  0.016588  0.0017321  
98  0.035448  0.0010015  0.015487  0.32442  0.001103  0.00046547  0.075604  0.37802  0.00090273  0.0040341  0.080964  0.00026913  0.00012864  0.016277  0.082938  6.7423e-005  0.016588  0.0017321  
99  0.035448  0.0010015  0.015487  0.32442  0.001103  0.00046547  0.075604  0.37802  0.00090273  0.0040341  0.080964  0.00026913  0.00012864  0.016277  0.082938  6.7423e-005  0.016588  0.0017321  
100  0.035448  0.0010015  0.015487  0.32442  0.001103  0.00046547  0.075604  0.37802  0.00090273  0.0040341  0.080964  0.00026913  0.00012864  0.016277  0.082938  6.7423e-005  0.016588  0.0017321  
101  0.035448  0.0010015  0.015487  0.32442  0.001103  0.00046547  0.075604  0.37802  0.00090273  0.0040341  0.080964  0.00026913  0.00012864  0.016277  0.082938  6.7423e-005  0.016588  0.0017321  
102  0.035448  0.0010015  0.015487  0.32442  0.001103  0.00046547  0.075604  0.37802  0.00090273  0.0040341  0.080964  0.00026913  0.00012864  0.016277  0.082938  6.7423e-005  0.016588  0.0017321  
103  0.035448  0.0010015  0.015487  0.32442  0.001103  0.00046547  0.075604  0.37802  0.00090273  0.0040341  0.080964  0.00026913  0.00012864  0.016277  0.082938  6.7423e-005  0.016588  0.0017321  
104  0.035448  0.0010015  0.015487  0.32442  0.001103  0.00046547  0.075604  0.37802  0.00090273  0.0040341  0.080964  0.00026913  0.00012864  0.016277  0.082938  6.7423e-005  0.016588  0.0017321  
105  0.035448  0.0010015  0.015487  0.32442  0.001103  0.00046547  0.075604  0.37802  0.00090273  0.0040341  0.080964  0.00026913  0.00012864  0.016277  0.082938  6.7423e-005  0.016588  0.0017321  
106  0.035448  0.0010015  0.015487  0.32442  0.001103  0.00046547  0.075604  0.37802  0.00090273  0.0040341  0.080964  0.00026913  0.00012864  0.016277  0.082938  6.7423e-005  0.016588  0.0017321  
107  0.035448  0.0010015  0.015487  0.32442  0.001103  0.00046547  0.075604  0.37802  0.00090273  0.0040341  0.080964  0.00026913  0.00012864  0.016277  0.082938  6.7423e-005  0.016588  0.0017321  
108  0.035448  0.0010015  0.015487  0.32442  0.001103  0.00046547  0.075604  0.37802  0.00090273  0.0040341  0.080964  0.00026913  0.00012864  0.016277  0.082938  6.7423e-005  0.016588  0.0017321  
109  0.035448  0.0010015  0.015487  0.32442  0.001103  0.00046547  0.075604  0.37802  0.00090273  0.0040341  0.080964  0.00026913  0.00012864  0.016277  0.082938  6.7423e-005  0.016588  0.0017321  

#S 4 M4 emission rates
#N 19
#L Z  TOTAL  M4M5  M4N1  M4N2  M4N3  M4N4  M4N5  M4N6  M4N7  M4O1  M4O2  M4O3  M4O4  M4O5  M4O6  M4P1  M4P2  M4P3
1  0  0  0  0  0  0  0  0  0  0  0  0  0  0  0  0  0  0  
2  0  0  0  0  0  0  0  0  0  0  0  0  0  0  0  0  0  0  
3  0  0  0  0  0  0  0  0  0  0  0  0  0  0  0  0  0  0  
4  0  0  0  0  0  0  0  0  0  0  0  0  0  0  0  0  0  0  
5  0  0  0  0  0  0  0  0  0  0  0  0  0  0  0  0  0  0  
6  0  0  0  0  0  0  0  0  0  0  0  0  0  0  0  0  0  0  
7  0  0  0  0  0  0  0  0  0  0  0  0  0  0  0  0  0  0  
8  0  0  0  0  0  0  0  0  0  0  0  0  0  0  0  0  0  0  
9  0  0  0  0  0  0  0  0  0  0  0  0  0  0  0  0  0  0  
10  0  0  0  0  0  0  0  0  0  0  0  0  0  0  0  0  0  0  
11  0  0  0  0  0  0  0  0  0  0  0  0  0  0  0  0  0  0  
12  0  0  0  0  0  0  0  0  0  0  0  0  0  0  0  0  0  0  
13  0  0  0  0  0  0  0  0  0  0  0  0  0  0  0  0  0  0  
14  0  0  0  0  0  0  0  0  0  0  0  0  0  0  0  0  0  0  
15  0  0  0  0  0  0  0  0  0  0  0  0  0  0  0  0  0  0  
16  0  0  0  0  0  0  0  0  0  0  0  0  0  0  0  0  0  0  
17  0  0  0  0  0  0  0  0  0  0  0  0  0  0  0  0  0  0  
18  0  0  0  0  0  0  0  0  0  0  0  0  0  0  0  0  0  0  
19  0  0  0  0  0  0  0  0  0  0  0  0  0  0  0  0  0  0  
20  0  0  0  0  0  0  0  0  0  0  0  0  0  0  0  0  0  0  
21  0  0  0  0  0  0  0  0  0  0  0  0  0  0  0  0  0  0  
22  0  0  0  0  0  0  0  0  0  0  0  0  0  0  0  0  0  0  
23  0  0  0  0  0  0  0  0  0  0  0  0  0  0  0  0  0  0  
24  0  0  0  0  0  0  0  0  0  0  0  0  0  0  0  0  0  0  
25  0  0  0  0  0  0  0  0  0  0  0  0  0  0  0  0  0  0  
26  0  0  0  0  0  0  0  0  0  0  0  0  0  0  0  0  0  0  
27  0  0  0  0  0  0  0  0  0  0  0  0  0  0  0  0  0  0  
28  0  0  0  0  0  0  0  0  0  0  0  0  0  0  0  0  0  0  
29  0  0  0  0  0  0  0  0  0  0  0  0  0  0  0  0  0  0  
30  0  0  0  0  0  0  0  0  0  0  0  0  0  0  0  0  0  0  
31  0  0  0  0  0  0  0  0  0  0  0  0  0  0  0  0  0  0  
32  0  0  0  0  0  0  0  0  0  0  0  0  0  0  0  0  0  0  
33  0  0  0  0  0  0  0  0  0  0  0  0  0  0  0  0  0  0  
34  0  0  0  0  0  0  0  0  0  0  0  0  0  0  0  0  0  0  
35  0  0  0  0  0  0  0  0  0  0  0  0  0  0  0  0  0  0  
36  0  0  0  0  0  0  0  0  0  0  0  0  0  0  0  0  0  0  
37  0  0  0  0  0  0  0  0  0  0  0  0  0  0  0  0  0  0  
38  0  0  0  0  0  0  0  0  0  0  0  0  0  0  0  0  0  0  
39  0  0  0  0  0  0  0  0  0  0  0  0  0  0  0  0  0  0  
40  0  0  0  0  0  0  0  0  0  0  0  0  0  0  0  0  0  0  
41  0  0  0  0  0  0  0  0  0  0  0  0  0  0  0  0  0  0  
42  0  0  0  0  0  0  0  0  0  0  0  0  0  0  0  0  0  0  
43  0  0  0  0  0  0  0  0  0  0  0  0  0  0  0  0  0  0  
44  0  0  0  0  0  0  0  0  0  0  0  0  0  0  0  0  0  0  
45  0  0  0  0  0  0  0  0  0  0  0  0  0  0  0  0  0  0  
46  0  0  0  0  0  0  0  0  0  0  0  0  0  0  0  0  0  0  
47  0  0  0  0  0  0  0  0  0  0  0  0  0  0  0  0  0  0  
48  5.4521e-005  6.603e-009  0.00013499  0.92259  0.077218  4.7688e-005  0  0  0  1.2289e-005  0  0  0  0  0  0  0  0  
49  6.8004e-005  1.084e-008  0.0001728  0.92389  0.075752  0.00016007  0  0  0  2.3822e-005  0  0  0  0  0  0  0  0  
50  8.1488e-005  1.3674e-008  0.0001981  0.92476  0.07477  0.00023527  0  0  0  3.1538e-005  0  0  0  0  0  0  0  0  
51  9.4972e-005  1.5704e-008  0.00021622  0.92539  0.074067  0.00028911  0  0  0  3.7064e-005  0  0  0  0  0  0  0  0  
52  0.00010846  1.7229e-008  0.00022983  0.92586  0.073539  0.00032956  0  0  0  4.1215e-005  0  0  0  0  0  0  0  0  
53  0.00012194  1.8417e-008  0.00024043  0.92623  0.073128  0.00036107  0  0  0  4.4449e-005  0  0  0  0  0  0  0  0  
54  0.00013542  1.9368e-008  0.00024891  0.92652  0.072799  0.0003863  0  0  0  4.7038e-005  0  0  0  0  0  0  0  0  
55  0.00016765  1.7894e-008  0.00022725  0.82313  0.064419  0.00036146  0.00010021  0  0  4.3662e-005  0.10379  0.007933  0  0  0  2.8631e-006  0  0  
56  0.00019835  3.025e-008  0.0002699  0.82235  0.062573  0.00043123  0.00011921  0  0  5.3139e-005  0.10632  0.0078762  0  0  0  4.0781e-006  0  0  
57  0.00022904  3.9294e-008  0.00030111  0.82178  0.061221  0.0004823  0.00013312  0  0  6.0076e-005  0.10818  0.0078346  0  0  0  4.9676e-006  0  0  
58  0.00025974  4.6201e-008  0.00032495  0.82135  0.060189  0.0005213  0.00014374  0  0  6.5374e-005  0.1096  0.0078028  0  0  0  5.6468e-006  0  0  
59  0.00029043  5.1648e-008  0.00034374  0.82101  0.059376  0.00055206  0.00015211  0  0  6.9552e-005  0.11072  0.0077777  0  0  0  6.1824e-006  0  0  
60  0.00032112  5.6053e-008  0.00035895  0.82073  0.058717  0.00057693  0.00015889  0  0  7.2931e-005  0.11162  0.0077575  0  0  0  6.6157e-006  0  0  
61  0.00035182  5.969e-008  0.0003715  0.8205  0.058174  0.00059747  0.00016448  0  0  7.5721e-005  0.11237  0.0077407  0  0  0  6.9733e-006  0  0  
62  0.00038251  6.2743e-008  0.00038204  0.82031  0.057718  0.00061471  0.00016917  0  0  7.8063e-005  0.113  0.0077267  0  0  0  7.2736e-006  0  0  
63  0.00041321  6.5343e-008  0.00039101  0.82014  0.057329  0.00062939  0.00017317  0  0  8.0057e-005  0.11353  0.0077147  0  0  0  7.5292e-006  0  0  
64  0.0024239  1.2377e-008  7.3022e-005  0.15017  0.010438  0.00011758  3.2344e-005  0.81686  3.0117e-007  1.4976e-005  0.020875  0.0014109  7.5498e-006  0  0  1.4192e-006  0  0  
65  0.002714  1.5967e-008  7.8605e-005  0.14996  0.010182  0.0001262  3.4635e-005  0.81799  3.525e-007  1.5733e-005  0.020272  0.0013351  5.619e-006  0  0  1.4075e-006  0  0  
66  0.0030041  1.8863e-008  8.311e-005  0.1498  0.0099754  0.00013315  3.6484e-005  0.81889  3.9391e-007  1.6345e-005  0.019784  0.0012738  4.0612e-006  0  0  1.3981e-006  0  0  
67  0.0032941  2.125e-008  8.6821e-005  0.14966  0.0098054  0.00013888  3.8007e-005  0.81964  4.2804e-007  1.6848e-005  0.019383  0.0012234  2.7777e-006  0  0  1.3904e-006  0  0  
68  0.0035842  2.325e-008  8.9932e-005  0.14955  0.0096628  0.00014369  3.9284e-005  0.82027  4.5664e-007  1.727e-005  0.019047  0.0011811  1.7019e-006  0  0  1.3839e-006  0  0  
69  0.0038743  2.4951e-008  9.2577e-005  0.14945  0.0095416  0.00014777  4.0369e-005  0.8208  4.8095e-007  1.7629e-005  0.018761  0.0011452  7.8725e-007  0  0  1.3783e-006  0  0  
70  0.0041643  2.6415e-008  9.4853e-005  0.14936  0.0094373  0.00015129  4.1303e-005  0.82126  5.0188e-007  1.7938e-005  0.018514  0.0011142  0  0  0  1.3736e-006  0  0  
71  0.0049686  3.5624e-008  9.7311e-005  0.14205  0.0087026  0.00015678  4.2688e-005  0.8288  6.5028e-007  1.975e-005  0.019017  0.0011061  0  0  0  1.6479e-006  0  0  
72  0.0057729  4.2266e-008  9.9084e-005  0.13678  0.0081727  0.00016075  4.3687e-005  0.83424  7.5733e-007  2.1057e-005  0.01938  0.0011003  0  0  0  1.8459e-006  0  0  
73  0.0065772  4.7285e-008  0.00010042  0.13279  0.0077723  0.00016375  4.4441e-005  0.83835  8.382e-007  2.2044e-005  0.019654  0.0010959  0  0  0  1.9954e-006  0  0  
74  0.0073815  5.1209e-008  0.00010147  0.12968  0.0074592  0.00016609  4.5032e-005  0.84157  9.0144e-007  2.2817e-005  0.019869  0.0010925  0  0  0  2.1123e-006  0  0  
75  0.0081858  5.4363e-008  0.00010231  0.12717  0.0072076  0.00016797  4.5506e-005  0.84415  9.5226e-007  2.3437e-005  0.020041  0.0010897  0  0  0  2.2063e-006  0  0  
76  0.0089901  5.6952e-008  0.000103  0.12512  0.0070011  0.00016952  4.5895e-005  0.84627  9.9399e-007  2.3946e-005  0.020182  0.0010874  0  0  0  2.2834e-006  0  0  
77  0.0097944  5.9116e-008  0.00010358  0.1234  0.0068284  0.00017081  4.6221e-005  0.84804  1.0289e-006  2.4372e-005  0.0203  0.0010855  0  0  0  2.3479e-006  0  0  
78  0.010599  6.0951e-008  0.00010407  0.12194  0.006682  0.00017191  4.6497e-005  0.84954  1.0584e-006  2.4733e-005  0.020401  0.0010839  0  0  0  2.4026e-006  0  0  
79  0.011403  6.2528e-008  0.00010449  0.12069  0.0065562  0.00017285  4.6734e-005  0.85083  1.0838e-006  2.5044e-005  0.020487  0.0010825  0  0  0  2.4495e-006  0  0  
80  0.012208  6.3895e-008  0.00010485  0.1196  0.0064468  0.00017366  4.6938e-005  0.85193  1.1059e-006  2.5312e-005  0.020561  0.0010813  1.9414e-005  5.1034e-006  0  2.4903e-006  0  0  
81  0.013898  8.7229e-008  0.00010998  0.11889  0.0061847  0.00018492  4.9902e-005  0.85182  1.3649e-006  2.794e-005  0.021608  0.0010937  2.515e-005  6.7171e-006  0  3.6076e-006  0  0  
82  0.015588  1.055e-007  0.00011399  0.11833  0.0059793  0.00019373  5.2224e-005  0.85172  1.5677e-006  2.9998e-005  0.022428  0.0011034  2.9643e-005  7.9808e-006  0  4.4826e-006  0  0  
83  0.017279  1.202e-007  0.00011722  0.11789  0.0058142  0.00020083  5.4091e-005  0.85165  1.7309e-006  3.1653e-005  0.023088  0.0011112  3.3256e-005  8.9973e-006  0  5.1865e-006  0  0  
84  0.018969  1.3228e-007  0.00011987  0.11752  0.0056785  0.00020665  5.5625e-005  0.85159  1.865e-006  3.3013e-005  0.023629  0.0011176  3.6225e-005  9.8326e-006  0  5.7648e-006  0  0  
85  0.02066  1.4238e-007  0.00012209  0.11721  0.005565  0.00021152  5.6908e-005  0.85154  1.9771e-006  3.4151e-005  0.024083  0.001123  3.8708e-005  1.0531e-005  0  6.2486e-006  0  0  
86  0.02235  1.5096e-007  0.00012397  0.11695  0.0054686  0.00021566  5.7997e-005  0.85149  2.0723e-006  3.5116e-005  0.024467  0.0011275  4.0816e-005  1.1124e-005  0  6.6591e-006  0  0  
87  0.02404  1.5832e-007  0.00012559  0.11673  0.0053858  0.00021922  5.8933e-005  0.85145  2.1541e-006  3.5946e-005  0.024798  0.0011314  4.2627e-005  1.1634e-005  0  7.0119e-006  0  0  
88  0.025731  1.6472e-007  0.000127  0.11653  0.0053139  0.0002223  5.9746e-005  0.85142  2.2251e-006  3.6667e-005  0.025085  0.0011348  4.42e-005  1.2076e-005  0  7.3184e-006  0  0  
89  0.027421  1.7033e-007  0.00012823  0.11636  0.0052509  0.00022501  6.0459e-005  0.85139  2.2874e-006  3.7299e-005  0.025337  0.0011378  4.558e-005  1.2464e-005  0  7.5871e-006  0  0  
90  0.029112  1.7529e-007  0.00012932  0.11621  0.0051951  0.0002274  6.1089e-005  0.85137  2.3425e-006  3.7857e-005  0.02556  0.0011404  4.6799e-005  1.2807e-005  0  7.8246e-006  0  0  
91  0.030802  1.7971e-007  0.00013029  0.11608  0.0051455  0.00022953  6.165e-005  0.85135  2.3915e-006  3.8354e-005  0.025758  0.0011428  4.7884e-005  1.3113e-005  0  8.036e-006  0  0  
92  0.032492  1.8366e-007  0.00013116  0.11596  0.0051011  0.00023144  6.2152e-005  0.85133  2.4354e-006  3.88e-005  0.025935  0.0011449  4.8857e-005  1.3386e-005  0  8.2254e-006  0  0  
93  0.036934  1.7328e-007  0.00012211  0.10722  0.004684  0.00021579  5.7941e-005  0.78789  2.2906e-006  3.6281e-005  0.024151  0.0010614  4.6028e-005  1.2617e-005  0.070125  7.7706e-006  0.0041967  0.00016922  
94  0.036934  1.7328e-007  0.00012211  0.10722  0.004684  0.00021579  5.7941e-005  0.78789  2.2906e-006  3.6281e-005  0.024151  0.0010614  4.6028e-005  1.2617e-005  0.070125  7.7706e-006  0.0041967  0.00016922  
95  0.036934  1.7328e-007  0.00012211  0.10722  0.004684  0.00021579  5.7941e-005  0.78789  2.2906e-006  3.6281e-005  0.024151  0.0010614  4.6028e-005  1.2617e-005  0.070125  7.7706e-006  0.0041967  0.00016922  
96  0.036934  1.7328e-007  0.00012211  0.10722  0.004684  0.00021579  5.7941e-005  0.78789  2.2906e-006  3.6281e-005  0.024151  0.0010614  4.6028e-005  1.2617e-005  0.070125  7.7706e-006  0.0041967  0.00016922  
97  0.036934  1.7328e-007  0.00012211  0.10722  0.004684  0.00021579  5.7941e-005  0.78789  2.2906e-006  3.6281e-005  0.024151  0.0010614  4.6028e-005  1.2617e-005  0.070125  7.7706e-006  0.0041967  0.00016922  
98  0.036934  1.7328e-007  0.00012211  0.10722  0.004684  0.00021579  5.7941e-005  0.78789  2.2906e-006  3.6281e-005  0.024151  0.0010614  4.6028e-005  1.2617e-005  0.070125  7.7706e-006  0.0041967  0.00016922  
99  0.036934  1.7328e-007  0.00012211  0.10722  0.004684  0.00021579  5.7941e-005  0.78789  2.2906e-006  3.6281e-005  0.024151  0.0010614  4.6028e-005  1.2617e-005  0.070125  7.7706e-006  0.0041967  0.00016922  
100  0.036934  1.7328e-007  0.00012211  0.10722  0.004684  0.00021579  5.7941e-005  0.78789  2.2906e-006  3.6281e-005  0.024151  0.0010614  4.6028e-005  1.2617e-005  0.070125  7.7706e-006  0.0041967  0.00016922  
101  0.036934  1.7328e-007  0.00012211  0.10722  0.004684  0.00021579  5.7941e-005  0.78789  2.2906e-006  3.6281e-005  0.024151  0.0010614  4.6028e-005  1.2617e-005  0.070125  7.7706e-006  0.0041967  0.00016922  
102  0.036934  1.7328e-007  0.00012211  0.10722  0.004684  0.00021579  5.7941e-005  0.78789  2.2906e-006  3.6281e-005  0.024151  0.0010614  4.6028e-005  1.2617e-005  0.070125  7.7706e-006  0.0041967  0.00016922  
103  0.036934  1.7328e-007  0.00012211  0.10722  0.004684  0.00021579  5.7941e-005  0.78789  2.2906e-006  3.6281e-005  0.024151  0.0010614  4.6028e-005  1.2617e-005  0.070125  7.7706e-006  0.0041967  0.00016922  
104  0.036934  1.7328e-007  0.00012211  0.10722  0.004684  0.00021579  5.7941e-005  0.78789  2.2906e-006  3.6281e-005  0.024151  0.0010614  4.6028e-005  1.2617e-005  0.070125  7.7706e-006  0.0041967  0.00016922  
105  0.036934  1.7328e-007  0.00012211  0.10722  0.004684  0.00021579  5.7941e-005  0.78789  2.2906e-006  3.6281e-005  0.024151  0.0010614  4.6028e-005  1.2617e-005  0.070125  7.7706e-006  0.0041967  0.00016922  
106  0.036934  1.7328e-007  0.00012211  0.10722  0.004684  0.00021579  5.7941e-005  0.78789  2.2906e-006  3.6281e-005  0.024151  0.0010614  4.6028e-005  1.2617e-005  0.070125  7.7706e-006  0.0041967  0.00016922  
107  0.036934  1.7328e-007  0.00012211  0.10722  0.004684  0.00021579  5.7941e-005  0.78789  2.2906e-006  3.6281e-005  0.024151  0.0010614  4.6028e-005  1.2617e-005  0.070125  7.7706e-006  0.0041967  0.00016922  
108  0.036934  1.7328e-007  0.00012211  0.10722  0.004684  0.00021579  5.7941e-005  0.78789  2.2906e-006  3.6281e-005  0.024151  0.0010614  4.6028e-005  1.2617e-005  0.070125  7.7706e-006  0.0041967  0.00016922  
109  0.036934  1.7328e-007  0.00012211  0.10722  0.004684  0.00021579  5.7941e-005  0.78789  2.2906e-006  3.6281e-005  0.024151  0.0010614  4.6028e-005  1.2617e-005  0.070125  7.7706e-006  0.0041967  0.00016922  

#S 5 M5 emission rates
#N 18
#L Z  TOTAL  M5N1  M5N2  M5N3  M5N4  M5N5  M5N6  M5N7  M5O1  M5O2  M5O3  M5O4  M5O5  M5O6  M5P1  M5P3  M5P4
1  0  0  0  0  0  0  0  0  0  0  0  0  0  0  0  0  0  
2  0  0  0  0  0  0  0  0  0  0  0  0  0  0  0  0  0  
3  0  0  0  0  0  0  0  0  0  0  0  0  0  0  0  0  0  
4  0  0  0  0  0  0  0  0  0  0  0  0  0  0  0  0  0  
5  0  0  0  0  0  0  0  0  0  0  0  0  0  0  0  0  0  
6  0  0  0  0  0  0  0  0  0  0  0  0  0  0  0  0  0  
7  0  0  0  0  0  0  0  0  0  0  0  0  0  0  0  0  0  
8  0  0  0  0  0  0  0  0  0  0  0  0  0  0  0  0  0  
9  0  0  0  0  0  0  0  0  0  0  0  0  0  0  0  0  0  
10  0  0  0  0  0  0  0  0  0  0  0  0  0  0  0  0  0  
11  0  0  0  0  0  0  0  0  0  0  0  0  0  0  0  0  0  
12  0  0  0  0  0  0  0  0  0  0  0  0  0  0  0  0  0  
13  0  0  0  0  0  0  0  0  0  0  0  0  0  0  0  0  0  
14  0  0  0  0  0  0  0  0  0  0  0  0  0  0  0  0  0  
15  0  0  0  0  0  0  0  0  0  0  0  0  0  0  0  0  0  
16  0  0  0  0  0  0  0  0  0  0  0  0  0  0  0  0  0  
17  0  0  0  0  0  0  0  0  0  0  0  0  0  0  0  0  0  
18  0  0  0  0  0  0  0  0  0  0  0  0  0  0  0  0  0  
19  0  0  0  0  0  0  0  0  0  0  0  0  0  0  0  0  0  
20  0  0  0  0  0  0  0  0  0  0  0  0  0  0  0  0  0  
21  0  0  0  0  0  0  0  0  0  0  0  0  0  0  0  0  0  
22  0  0  0  0  0  0  0  0  0  0  0  0  0  0  0  0  0  
23  0  0  0  0  0  0  0  0  0  0  0  0  0  0  0  0  0  
24  0  0  0  0  0  0  0  0  0  0  0  0  0  0  0  0  0  
25  0  0  0  0  0  0  0  0  0  0  0  0  0  0  0  0  0  
26  0  0  0  0  0  0  0  0  0  0  0  0  0  0  0  0  0  
27  0  0  0  0  0  0  0  0  0  0  0  0  0  0  0  0  0  
28  0  0  0  0  0  0  0  0  0  0  0  0  0  0  0  0  0  
29  0  0  0  0  0  0  0  0  0  0  0  0  0  0  0  0  0  
30  0  0  0  0  0  0  0  0  0  0  0  0  0  0  0  0  0  
31  0  0  0  0  0  0  0  0  0  0  0  0  0  0  0  0  0  
32  0  0  0  0  0  0  0  0  0  0  0  0  0  0  0  0  0  
33  0  0  0  0  0  0  0  0  0  0  0  0  0  0  0  0  0  
34  0  0  0  0  0  0  0  0  0  0  0  0  0  0  0  0  0  
35  0  0  0  0  0  0  0  0  0  0  0  0  0  0  0  0  0  
36  0  0  0  0  0  0  0  0  0  0  0  0  0  0  0  0  0  
37  0  0  0  0  0  0  0  0  0  0  0  0  0  0  0  0  0  
38  0  0  0  0  0  0  0  0  0  0  0  0  0  0  0  0  0  
39  0  0  0  0  0  0  0  0  0  0  0  0  0  0  0  0  0  
40  0  0  0  0  0  0  0  0  0  0  0  0  0  0  0  0  0  
41  0  0  0  0  0  0  0  0  0  0  0  0  0  0  0  0  0  
42  0  0  0  0  0  0  0  0  0  0  0  0  0  0  0  0  0  
43  0  0  0  0  0  0  0  0  0  0  0  0  0  0  0  0  0  
44  0  0  0  0  0  0  0  0  0  0  0  0  0  0  0  0  0  
45  0  0  0  0  0  0  0  0  0  0  0  0  0  0  0  0  0  
46  0  0  0  0  0  0  0  0  0  0  0  0  0  0  0  0  0  
47  0  0  0  0  0  0  0  0  0  0  0  0  0  0  0  0  0  
48  2.5917e-005  0.00026932  9.6462e-008  0.99934  0.00010225  0.00026199  0  0  2.4694e-005  0  0  0  0  0  0  0  0  
49  3.1915e-005  0.0003486  1.5667e-007  0.99908  0.00014682  0.00037797  0  0  4.794e-005  0  0  0  0  0  0  0  0  
50  3.7913e-005  0.0004028  1.9782e-007  0.9989  0.00017728  0.00045725  0  0  6.383e-005  0  0  0  0  0  0  0  0  
51  4.3911e-005  0.00044219  2.2773e-007  0.99877  0.00019943  0.00051487  0  0  7.5379e-005  0  0  0  0  0  0  0  0  
52  4.9909e-005  0.00047211  2.5045e-007  0.99867  0.00021625  0.00055864  0  0  8.4153e-005  0  0  0  0  0  0  0  0  
53  5.5907e-005  0.00049562  2.683e-007  0.99859  0.00022946  0.00059302  0  0  9.1043e-005  0  0  0  0  0  0  0  0  
54  6.1905e-005  0.00051456  2.8269e-007  0.99853  0.00024011  0.00062074  0  0  9.6599e-005  0  0  0  0  0  0  0  0  
55  7.6234e-005  0.00047223  2.6235e-007  0.88937  0.00022169  0.00057324  0  0  9.0117e-005  4.0664e-008  0.10927  0  0  0  5.9422e-006  0  0  
56  8.8373e-005  0.00056956  3.8976e-007  0.8869  0.00026931  0.00069353  0  0  0.00011147  6.2614e-008  0.11145  0  0  0  8.5672e-006  0  0  
57  0.00010051  0.00064338  4.864e-007  0.88503  0.00030544  0.00078476  0  0  0.00012767  7.9261e-008  0.1131  0  0  0  1.0558e-005  0  0  
58  0.00011265  0.00070129  5.6221e-007  0.88356  0.00033378  0.00085634  0  0  0.00014038  9.2321e-008  0.1144  0  0  0  1.212e-005  0  0  
59  0.00012479  0.00074793  6.2327e-007  0.88238  0.0003566  0.00091399  0  0  0.00015061  1.0284e-007  0.11544  0  0  0  1.3378e-005  0  0  
60  0.00013693  0.0007863  6.7351e-007  0.8814  0.00037538  0.00096141  0  0  0.00015903  1.1149e-007  0.1163  0  0  0  1.4413e-005  0  0  
61  0.00014907  0.00081843  7.1556e-007  0.88059  0.0003911  0.0010011  0  0  0.00016608  1.1874e-007  0.11702  0  0  0  1.528e-005  0  0  
62  0.00016121  0.00084571  7.5128e-007  0.8799  0.00040445  0.0010348  0  0  0.00017206  1.2489e-007  0.11763  0  0  0  1.6015e-005  0  0  
63  0.00017334  0.00086918  7.82e-007  0.8793  0.00041594  0.0010638  0  0  0.00017721  1.3018e-007  0.11815  0  0  0  1.6648e-005  0  0  
64  0.0016383  0.00010071  9.1559e-008  0.099494  4.8221e-005  0.0001233  0.056644  0.83013  2.057e-005  1.526e-008  0.013429  3.0642e-006  0  0  1.9472e-006  0  0  
65  0.0018268  0.00010838  1.0583e-007  0.097893  5.182e-005  0.00013229  0.056929  0.83204  2.1595e-005  1.7061e-008  0.012818  2.2899e-006  0  0  1.9314e-006  0  0  
66  0.0020154  0.00011462  1.1743e-007  0.096591  5.4746e-005  0.00013959  0.057161  0.83359  2.2428e-005  1.8524e-008  0.012322  1.6606e-006  0  0  1.9186e-006  0  0  
67  0.0022039  0.00011979  1.2705e-007  0.095512  5.7171e-005  0.00014565  0.057352  0.83488  2.3118e-005  1.9738e-008  0.011911  1.1389e-006  0  0  1.908e-006  0  0  
68  0.0023925  0.00012414  1.3515e-007  0.094603  5.9214e-005  0.00015075  0.057514  0.83596  2.3699e-005  2.076e-008  0.011564  6.9942e-007  0  0  1.899e-006  0  0  
69  0.002581  0.00012786  1.4206e-007  0.093826  6.0958e-005  0.00015511  0.057652  0.83688  2.4196e-005  2.1632e-008  0.011268  3.2416e-007  0  0  1.8914e-006  0  0  
70  0.0027695  0.00013107  1.4804e-007  0.093156  6.2465e-005  0.00015887  0.057771  0.83768  2.4625e-005  2.2386e-008  0.011013  0  0  0  1.8848e-006  0  0  
71  0.0033131  0.00013302  1.6782e-007  0.086324  6.4381e-005  0.00016329  0.058072  0.84422  2.6766e-005  2.8915e-008  0.010993  0  0  0  2.2269e-006  0  0  
72  0.0038567  0.00013442  1.8202e-007  0.081417  6.5756e-005  0.00016646  0.058289  0.84892  2.8304e-005  3.3604e-008  0.010978  0  0  0  2.4726e-006  0  0  
73  0.0044002  0.00013547  1.9272e-007  0.077723  6.6792e-005  0.00016885  0.058451  0.85245  2.9462e-005  3.7134e-008  0.010968  0  0  0  2.6576e-006  0  0  
74  0.0049438  0.00013629  2.0106e-007  0.074841  6.76e-005  0.00017072  0.058578  0.85521  3.0365e-005  3.9888e-008  0.010959  0  0  0  2.8019e-006  0  0  
75  0.0054874  0.00013695  2.0775e-007  0.07253  6.8248e-005  0.00017221  0.05868  0.85743  3.109e-005  4.2097e-008  0.010952  0  0  0  2.9176e-006  0  0  
76  0.0060309  0.00013749  2.1323e-007  0.070636  6.8779e-005  0.00017344  0.058764  0.85924  3.1683e-005  4.3907e-008  0.010947  0  0  0  3.0125e-006  0  0  
77  0.0065745  0.00013794  2.1781e-007  0.069055  6.9222e-005  0.00017446  0.058834  0.86075  3.2179e-005  4.5418e-008  0.010942  0  0  0  3.0917e-006  0  0  
78  0.007118  0.00013832  2.2169e-007  0.067715  6.9598e-005  0.00017533  0.058893  0.86203  3.2599e-005  4.6698e-008  0.010938  0  0  0  3.1587e-006  0  0  
79  0.0076616  0.00013865  2.2502e-007  0.066566  6.992e-005  0.00017607  0.058943  0.86313  3.2959e-005  4.7797e-008  0.010935  0  0  0  3.2163e-006  0  0  
80  0.0082054  0.00013893  2.279e-007  0.065567  7.0198e-005  0.00017671  0.058986  0.86407  3.3271e-005  4.8748e-008  0.010932  7.7388e-006  1.9012e-005  0  3.2661e-006  0  0  
81  0.0092963  0.00014472  2.6255e-007  0.063764  7.4819e-005  0.00018808  0.059064  0.86536  3.621e-005  6.1977e-008  0.011331  9.9709e-006  2.484e-005  0  4.5974e-006  0  0  
82  0.010387  0.0001493  2.8993e-007  0.06234  7.8469e-005  0.00019706  0.059126  0.86638  3.8531e-005  7.2426e-008  0.011647  1.1734e-005  2.9445e-005  0  5.649e-006  0  0  
83  0.011478  0.000153  3.121e-007  0.061187  8.1426e-005  0.00020434  0.059176  0.8672  4.0411e-005  8.089e-008  0.011902  1.3162e-005  3.3174e-005  0  6.5007e-006  0  0  
84  0.012569  0.00015606  3.3042e-007  0.060234  8.3869e-005  0.00021035  0.059218  0.86788  4.1965e-005  8.7884e-008  0.012113  1.4342e-005  3.6255e-005  0  7.2045e-006  0  0  
85  0.01366  0.00015863  3.4582e-007  0.059433  8.5922e-005  0.0002154  0.059252  0.86846  4.3271e-005  9.3761e-008  0.012291  1.5334e-005  3.8845e-005  0  7.796e-006  0  0  
86  0.014751  0.00016083  3.5894e-007  0.05875  8.7672e-005  0.0002197  0.059282  0.86895  4.4383e-005  9.8769e-008  0.012442  1.6179e-005  4.1051e-005  0  8.2999e-006  0  0  
87  0.015842  0.00016272  3.7025e-007  0.058162  8.918e-005  0.00022341  0.059308  0.86937  4.5343e-005  1.0309e-007  0.012572  1.6908e-005  4.2954e-005  0  8.7345e-006  0  0  
88  0.016933  0.00016436  3.801e-007  0.057649  9.0494e-005  0.00022664  0.05933  0.86974  4.6178e-005  1.0685e-007  0.012686  1.7542e-005  4.4611e-005  0  9.113e-006  0  0  
89  0.018024  0.00016581  3.8876e-007  0.057199  9.1649e-005  0.00022949  0.05935  0.87006  4.6913e-005  1.1015e-007  0.012786  1.81e-005  4.6068e-005  0  9.4458e-006  0  0  
90  0.019114  0.00016709  3.9644e-007  0.0568  9.2672e-005  0.000232  0.059367  0.87034  4.7564e-005  1.1308e-007  0.012874  1.8594e-005  4.7358e-005  0  9.7405e-006  0  0  
91  0.020205  0.00016823  4.0328e-007  0.056443  9.3585e-005  0.00023425  0.059383  0.8706  4.8144e-005  1.157e-007  0.012953  1.9035e-005  4.851e-005  0  1.0003e-005  0  0  
92  0.021296  0.00016926  4.0943e-007  0.056124  9.4404e-005  0.00023626  0.059396  0.87083  4.8665e-005  1.1804e-007  0.013024  1.9431e-005  4.9543e-005  0  1.0239e-005  0  0  
93  0.022548  0.00016897  4.12e-007  0.055436  9.4464e-005  0.00023638  0.058984  0.86481  4.8784e-005  1.193e-007  0.012994  1.9647e-005  5.0115e-005  0.0051445  1.0378e-005  0.0020001  1.4458e-006  
94  0.022548  0.00016897  4.12e-007  0.055436  9.4464e-005  0.00023638  0.058984  0.86481  4.8784e-005  1.193e-007  0.012994  1.9647e-005  5.0115e-005  0.0051445  1.0378e-005  0.0020001  1.4458e-006  
95  0.022548  0.00016897  4.12e-007  0.055436  9.4464e-005  0.00023638  0.058984  0.86481  4.8784e-005  1.193e-007  0.012994  1.9647e-005  5.0115e-005  0.0051445  1.0378e-005  0.0020001  1.4458e-006  
96  0.022548  0.00016897  4.12e-007  0.055436  9.4464e-005  0.00023638  0.058984  0.86481  4.8784e-005  1.193e-007  0.012994  1.9647e-005  5.0115e-005  0.0051445  1.0378e-005  0.0020001  1.4458e-006  
97  0.022548  0.00016897  4.12e-007  0.055436  9.4464e-005  0.00023638  0.058984  0.86481  4.8784e-005  1.193e-007  0.012994  1.9647e-005  5.0115e-005  0.0051445  1.0378e-005  0.0020001  1.4458e-006  
98  0.022548  0.00016897  4.12e-007  0.055436  9.4464e-005  0.00023638  0.058984  0.86481  4.8784e-005  1.193e-007  0.012994  1.9647e-005  5.0115e-005  0.0051445  1.0378e-005  0.0020001  1.4458e-006  
99  0.022548  0.00016897  4.12e-007  0.055436  9.4464e-005  0.00023638  0.058984  0.86481  4.8784e-005  1.193e-007  0.012994  1.9647e-005  5.0115e-005  0.0051445  1.0378e-005  0.0020001  1.4458e-006  
100  0.022548  0.00016897  4.12e-007  0.055436  9.4464e-005  0.00023638  0.058984  0.86481  4.8784e-005  1.193e-007  0.012994  1.9647e-005  5.0115e-005  0.0051445  1.0378e-005  0.0020001  1.4458e-006  
101  0.022548  0.00016897  4.12e-007  0.055436  9.4464e-005  0.00023638  0.058984  0.86481  4.8784e-005  1.193e-007  0.012994  1.9647e-005  5.0115e-005  0.0051445  1.0378e-005  0.0020001  1.4458e-006  
102  0.022548  0.00016897  4.12e-007  0.055436  9.4464e-005  0.00023638  0.058984  0.86481  4.8784e-005  1.193e-007  0.012994  1.9647e-005  5.0115e-005  0.0051445  1.0378e-005  0.0020001  1.4458e-006  
103  0.022548  0.00016897  4.12e-007  0.055436  9.4464e-005  0.00023638  0.058984  0.86481  4.8784e-005  1.193e-007  0.012994  1.9647e-005  5.0115e-005  0.0051445  1.0378e-005  0.0020001  1.4458e-006  
104  0.022548  0.00016897  4.12e-007  0.055436  9.4464e-005  0.00023638  0.058984  0.86481  4.8784e-005  1.193e-007  0.012994  1.9647e-005  5.0115e-005  0.0051445  1.0378e-005  0.0020001  1.4458e-006  
105  0.022548  0.00016897  4.12e-007  0.055436  9.4464e-005  0.00023638  0.058984  0.86481  4.8784e-005  1.193e-007  0.012994  1.9647e-005  5.0115e-005  0.0051445  1.0378e-005  0.0020001  1.4458e-006  
106  0.022548  0.00016897  4.12e-007  0.055436  9.4464e-005  0.00023638  0.058984  0.86481  4.8784e-005  1.193e-007  0.012994  1.9647e-005  5.0115e-005  0.0051445  1.0378e-005  0.0020001  1.4458e-006  
107  0.022548  0.00016897  4.12e-007  0.055436  9.4464e-005  0.00023638  0.058984  0.86481  4.8784e-005  1.193e-007  0.012994  1.9647e-005  5.0115e-005  0.0051445  1.0378e-005  0.0020001  1.4458e-006  
108  0.022548  0.00016897  4.12e-007  0.055436  9.4464e-005  0.00023638  0.058984  0.86481  4.8784e-005  1.193e-007  0.012994  1.9647e-005  5.0115e-005  0.0051445  1.0378e-005  0.0020001  1.4458e-006  
109  0.022548  0.00016897  4.12e-007  0.055436  9.4464e-005  0.00023638  0.058984  0.86481  4.8784e-005  1.193e-007  0.012994  1.9647e-005  5.0115e-005  0.0051445  1.0378e-005  0.0020001  1.4458e-006  
