#
#
#
#H
1
#He
2
#Li
2 1
#Be
2 2
#B
2 2 1
#C
2 2 2
#N
2 2 1 2
#O
2 2 1 3
#F
2 2 2 3
#Ne
2 2 2 4
#Na
2 2 2 4 1
#Mg
2 2 2 4 2
#Al
2 2 2 4 2 1
#Si
2 2 2 4 2 1 1
#P
2 2 2 4 2 1 2
#S
2 2 2 4 2 1 3
#Cl
2 2 2 4 2 2 3
#Ar
2 2 2 4 2 2 4
#K
2 2 2 4 2 2 4 0 0 1
#Ca 
2 2 2 4 2 2 4 0 0 2
#Sc
2 2 2 4 2 2 4 0 1 2
#Ti
2 2 2 4 2 2 4 1 1 2
#V
2 2 2 4 2 2 4 1 2 2
#Cr
2 2 2 4 2 2 4 2 3 1
#Mn
2 2 2 4 2 2 4 2 3 2
#Fe
2 2 2 4 2 2 4 2 4 2
#Co
2 2 2 4 2 2 4 3 4 2
#Ni
2 2 2 4 2 2 4 3 5 2
#Cu
2 2 2 4 2 2 4 4 6 1
#Zn
2 2 2 4 2 2 4 4 6 2
#Ga
2 2 2 4 2 2 4 4 6 2 0 1
#Ge 
2 2 2 4 2 2 4 4 6 2 1 1
#As
2 2 2 4 2 2 4 4 6 2 1 2
#Se
2 2 2 4 2 2 4 4 6 2 1 3
#Br
2 2 2 4 2 2 4 4 6 2 2 3
#Kr
2 2 2 4 2 2 4 4 6 2 2 4
#Rb
2 2 2 4 2 2 4 4 6 2 2 4 0 0 0 0 1
#Sr
2 2 2 4 2 2 4 4 6 2 2 4 0 0 0 0 2
#Y
2 2 2 4 2 2 4 4 6 2 2 4 0 1 0 0 2
#Zr
2 2 2 4 2 2 4 4 6 2 2 4 1 1 0 0 2
#Nb
2 2 2 4 2 2 4 4 6 2 2 4 2 2 0 0 1
#Mo
2 2 2 4 2 2 4 4 6 2 2 4 4 1 0 0 1
#Tc
2 2 2 4 2 2 4 4 6 2 2 4 4 1 0 0 2
#Ru
2 2 2 4 2 2 4 4 6 2 2 4 4 3 0 0 1
#Rh
2 2 2 4 2 2 4 4 6 2 2 4 4 4 0 0 1
#Pd
2 2 2 4 2 2 4 4 6 2 2 4 4 6
#Ag
2 2 2 4 2 2 4 4 6 2 2 4 4 6 0 0 1
#Cd
2 2 2 4 2 2 4 4 6 2 2 4 4 6 0 0 2
#In
2 2 2 4 2 2 4 4 6 2 2 4 4 6 0 0 2 0 1
#Sn
2 2 2 4 2 2 4 4 6 2 2 4 4 6 0 0 2 0 2
#Sb
2 2 2 4 2 2 4 4 6 2 2 4 4 6 0 0 2 2 1
#Te
2 2 2 4 2 2 4 4 6 2 2 4 4 6 0 0 2 2 2
#I
2 2 2 4 2 2 4 4 6 2 2 4 4 6 0 0 2 2 3
#Xe
2 2 2 4 2 2 4 4 6 2 2 4 4 6 0 0 2 2 4
#Cs
2 2 2 4 2 2 4 4 6 2 2 4 4 6 0 0 2 2 4 0 0 0 0 1
#Ba
2 2 2 4 2 2 4 4 6 2 2 4 4 6 0 0 2 2 4 0 0 0 0 2
#La
2 2 2 4 2 2 4 4 6 2 2 4 4 6 0 0 2 2 4 0 1 0 0 2
#Ce
2 2 2 4 2 2 4 4 6 2 2 4 4 6 0 1 2 2 4 0 1 0 0 2
#Pr
2 2 2 4 2 2 4 4 6 2 2 4 4 6 1 2 2 2 4 0 0 0 0 2
#Nd
2 2 2 4 2 2 4 4 6 2 2 4 4 6 2 2 2 2 4 0 0 0 0 2
#Pm
2 2 2 4 2 2 4 4 6 2 2 4 4 6 2 3 2 2 4 0 0 0 0 2
#Sm
2 2 2 4 2 2 4 4 6 2 2 4 4 6 3 3 2 2 4 0 0 0 0 2
#Eu
2 2 2 4 2 2 4 4 6 2 2 4 4 6 6 1 2 2 4 0 0 0 0 2
#Gd
2 2 2 4 2 2 4 4 6 2 2 4 4 6 6 1 2 2 4 0 1 0 0 2
#Tb
2 2 2 4 2 2 4 4 6 2 2 4 4 6 6 3 2 2 4 0 0 0 0 2
#Dy
2 2 2 4 2 2 4 4 6 2 2 4 4 6 6 4 2 2 4 0 0 0 0 2
#Ho
2 2 2 4 2 2 4 4 6 2 2 4 4 6 6 5 2 2 4 0 0 0 0 2
#Er
2 2 2 4 2 2 4 4 6 2 2 4 4 6 6 6 2 2 4 0 0 0 0 2
#Tm
2 2 2 4 2 2 4 4 6 2 2 4 4 6 6 7 2 2 4 0 0 0 0 2
#Yb
2 2 2 4 2 2 4 4 6 2 2 4 4 6 6 8 2 2 4 0 0 0 0 2
#Lu
2 2 2 4 2 2 4 4 6 2 2 4 4 6 6 8 2 2 4 0 1 0 0 2
#Hf
2 2 2 4 2 2 4 4 6 2 2 4 4 6 6 8 2 2 4 1 1 0 0 2
#Ta
2 2 2 4 2 2 4 4 6 2 2 4 4 6 6 8 2 2 4 1 2 0 0 2
#W
2 2 2 4 2 2 4 4 6 2 2 4 4 6 6 8 2 2 4 2 2 0 0 2
#Re
2 2 2 4 2 2 4 4 6 2 2 4 4 6 6 8 2 2 4 4 1 0 0 2
#Os
2 2 2 4 2 2 4 4 6 2 2 4 4 6 6 8 2 2 4 4 2 0 0 2
#Ir
2 2 2 4 2 2 4 4 6 2 2 4 4 6 6 8 2 2 4 4 3 0 0 2
#Pt
2 2 2 4 2 2 4 4 6 2 2 4 4 6 6 8 2 2 4 4 5 0 0 1
#Au
2 2 2 4 2 2 4 4 6 2 2 4 4 6 6 8 2 2 4 4 6 0 0 1
#Hg
2 2 2 4 2 2 4 4 6 2 2 4 4 6 6 8 2 2 4 4 6 0 0 2
#Tl
2 2 2 4 2 2 4 4 6 2 2 4 4 6 6 8 2 2 4 4 6 0 0 2 0 1
#Pb
2 2 2 4 2 2 4 4 6 2 2 4 4 6 6 8 2 2 4 4 6 0 0 2 1 1
#Bi
2 2 2 4 2 2 4 4 6 2 2 4 4 6 6 8 2 2 4 4 6 0 0 2 2 1
#Po
2 2 2 4 2 2 4 4 6 2 2 4 4 6 6 8 2 2 4 4 6 0 0 2 2 2
#At
2 2 2 4 2 2 4 4 6 2 2 4 4 6 6 8 2 2 4 4 6 0 0 2 2 3
#Rn
2 2 2 4 2 2 4 4 6 2 2 4 4 6 6 8 2 2 4 4 6 0 0 2 2 4
#Fr
2 2 2 4 2 2 4 4 6 2 2 4 4 6 6 8 2 2 4 4 6 0 0 2 2 4 0 0 1
#Ra
2 2 2 4 2 2 4 4 6 2 2 4 4 6 6 8 2 2 4 4 6 0 0 2 2 4 0 0 2
#Ac
2 2 2 4 2 2 4 4 6 2 2 4 4 6 6 8 2 2 4 4 6 0 0 2 2 4 0 1 2
#Th
2 2 2 4 2 2 4 4 6 2 2 4 4 6 6 8 2 2 4 4 6 0 0 2 2 4 1 1 2
#Pa
2 2 2 4 2 2 4 4 6 2 2 4 4 6 6 8 2 2 4 4 6 1 1 2 2 4 0 1 2
#U
2 2 2 4 2 2 4 4 6 2 2 4 4 6 6 8 2 2 4 4 6 1 2 2 2 4 0 1 2
#Np
2 2 2 4 2 2 4 4 6 2 2 4 4 6 6 8 2 2 4 4 6 2 2 2 2 4 0 1 2
#Pu
2 2 2 4 2 2 4 4 6 2 2 4 4 6 6 8 2 2 4 4 6 3 3 2 2 4 0 0 2
#Am
2 2 2 4 2 2 4 4 6 2 2 4 4 6 6 8 2 2 4 4 6 6 1 2 2 4 0 0 2
#Cm
2 2 2 4 2 2 4 4 6 2 2 4 4 6 6 8 2 2 4 4 6 6 1 2 2 4 0 1 2
#Bk
2 2 2 4 2 2 4 4 6 2 2 4 4 6 6 8 2 2 4 4 6 6 3 2 2 4 0 0 2
#Cf
2 2 2 4 2 2 4 4 6 2 2 4 4 6 6 8 2 2 4 4 6 6 4 2 2 4 0 0 2
#Es
2 2 2 4 2 2 4 4 6 2 2 4 4 6 6 8 2 2 4 4 6 6 5 2 2 4 0 0 2
#Fm
2 2 2 4 2 2 4 4 6 2 2 4 4 6 6 8 2 2 4 4 6 6 6 2 2 4 0 0 2
#Md
2 2 2 4 2 2 4 4 6 2 2 4 4 6 6 8 2 2 4 4 6 6 7 2 2 4 0 0 2
#No
2 2 2 4 2 2 4 4 6 2 2 4 4 6 6 8 2 2 4 4 6 6 8 2 2 4 0 0 2
