#F EADL97_KShellRadiativeRates.dat
#U00 This file is a conversion to specfile format of 
#U01 directly extracted EADL97 radiative transition probabilities.
#U02 EADL itself can be found at:
#U03           http://www-nds.iaea.org/epdl97/libsall.htm
#U04 The code used to generate this file has been:
#U05 GenerateEADLShellRadiativeRates.py
#U06

#S 1 K emission rates
#N 40
#L Z  TOTAL  KL1  KL2  KL3  KM1  KM2  KM3  KM4  KM5  KN1  KN2  KN3  KN4  KN5  KN6  KN7  KO1  KO2  KO3  KO4  KO5  KO6  KO7  KO8  KO9  KP1  KP2  KP3  KP4  KP5  KP6  KP7  KP8  KP9  KP10  KP11  KQ1  KQ2  KQ3
1  0.0000000E+00  0.0000000E+00  0.0000000E+00  0.0000000E+00  0.0000000E+00  0.0000000E+00  0.0000000E+00  0.0000000E+00  0.0000000E+00  0.0000000E+00  0.0000000E+00  0.0000000E+00  0.0000000E+00  0.0000000E+00  0.0000000E+00  0.0000000E+00  0.0000000E+00  0.0000000E+00  0.0000000E+00  0.0000000E+00  0.0000000E+00  0.0000000E+00  0.0000000E+00  0.0000000E+00  0.0000000E+00  0.0000000E+00  0.0000000E+00  0.0000000E+00  0.0000000E+00  0.0000000E+00  0.0000000E+00  0.0000000E+00  0.0000000E+00  0.0000000E+00  0.0000000E+00  0.0000000E+00  0.0000000E+00  0.0000000E+00  0.0000000E+00
2  0.0000000E+00  0.0000000E+00  0.0000000E+00  0.0000000E+00  0.0000000E+00  0.0000000E+00  0.0000000E+00  0.0000000E+00  0.0000000E+00  0.0000000E+00  0.0000000E+00  0.0000000E+00  0.0000000E+00  0.0000000E+00  0.0000000E+00  0.0000000E+00  0.0000000E+00  0.0000000E+00  0.0000000E+00  0.0000000E+00  0.0000000E+00  0.0000000E+00  0.0000000E+00  0.0000000E+00  0.0000000E+00  0.0000000E+00  0.0000000E+00  0.0000000E+00  0.0000000E+00  0.0000000E+00  0.0000000E+00  0.0000000E+00  0.0000000E+00  0.0000000E+00  0.0000000E+00  0.0000000E+00  0.0000000E+00  0.0000000E+00  0.0000000E+00
3  0.0000000E+00  0.0000000E+00  0.0000000E+00  0.0000000E+00  0.0000000E+00  0.0000000E+00  0.0000000E+00  0.0000000E+00  0.0000000E+00  0.0000000E+00  0.0000000E+00  0.0000000E+00  0.0000000E+00  0.0000000E+00  0.0000000E+00  0.0000000E+00  0.0000000E+00  0.0000000E+00  0.0000000E+00  0.0000000E+00  0.0000000E+00  0.0000000E+00  0.0000000E+00  0.0000000E+00  0.0000000E+00  0.0000000E+00  0.0000000E+00  0.0000000E+00  0.0000000E+00  0.0000000E+00  0.0000000E+00  0.0000000E+00  0.0000000E+00  0.0000000E+00  0.0000000E+00  0.0000000E+00  0.0000000E+00  0.0000000E+00  0.0000000E+00
4  0.0000000E+00  0.0000000E+00  0.0000000E+00  0.0000000E+00  0.0000000E+00  0.0000000E+00  0.0000000E+00  0.0000000E+00  0.0000000E+00  0.0000000E+00  0.0000000E+00  0.0000000E+00  0.0000000E+00  0.0000000E+00  0.0000000E+00  0.0000000E+00  0.0000000E+00  0.0000000E+00  0.0000000E+00  0.0000000E+00  0.0000000E+00  0.0000000E+00  0.0000000E+00  0.0000000E+00  0.0000000E+00  0.0000000E+00  0.0000000E+00  0.0000000E+00  0.0000000E+00  0.0000000E+00  0.0000000E+00  0.0000000E+00  0.0000000E+00  0.0000000E+00  0.0000000E+00  0.0000000E+00  0.0000000E+00  0.0000000E+00  0.0000000E+00
5  0.0000000E+00  0.0000000E+00  0.0000000E+00  0.0000000E+00  0.0000000E+00  0.0000000E+00  0.0000000E+00  0.0000000E+00  0.0000000E+00  0.0000000E+00  0.0000000E+00  0.0000000E+00  0.0000000E+00  0.0000000E+00  0.0000000E+00  0.0000000E+00  0.0000000E+00  0.0000000E+00  0.0000000E+00  0.0000000E+00  0.0000000E+00  0.0000000E+00  0.0000000E+00  0.0000000E+00  0.0000000E+00  0.0000000E+00  0.0000000E+00  0.0000000E+00  0.0000000E+00  0.0000000E+00  0.0000000E+00  0.0000000E+00  0.0000000E+00  0.0000000E+00  0.0000000E+00  0.0000000E+00  0.0000000E+00  0.0000000E+00  0.0000000E+00
6  1.6820880E-03  0.0000000E+00  5.6148800E-04  1.1206000E-03  0.0000000E+00  0.0000000E+00  0.0000000E+00  0.0000000E+00  0.0000000E+00  0.0000000E+00  0.0000000E+00  0.0000000E+00  0.0000000E+00  0.0000000E+00  0.0000000E+00  0.0000000E+00  0.0000000E+00  0.0000000E+00  0.0000000E+00  0.0000000E+00  0.0000000E+00  0.0000000E+00  0.0000000E+00  0.0000000E+00  0.0000000E+00  0.0000000E+00  0.0000000E+00  0.0000000E+00  0.0000000E+00  0.0000000E+00  0.0000000E+00  0.0000000E+00  0.0000000E+00  0.0000000E+00  0.0000000E+00  0.0000000E+00  0.0000000E+00  0.0000000E+00  0.0000000E+00
7  3.2760100E-03  0.0000000E+00  1.0942000E-03  2.1818100E-03  0.0000000E+00  0.0000000E+00  0.0000000E+00  0.0000000E+00  0.0000000E+00  0.0000000E+00  0.0000000E+00  0.0000000E+00  0.0000000E+00  0.0000000E+00  0.0000000E+00  0.0000000E+00  0.0000000E+00  0.0000000E+00  0.0000000E+00  0.0000000E+00  0.0000000E+00  0.0000000E+00  0.0000000E+00  0.0000000E+00  0.0000000E+00  0.0000000E+00  0.0000000E+00  0.0000000E+00  0.0000000E+00  0.0000000E+00  0.0000000E+00  0.0000000E+00  0.0000000E+00  0.0000000E+00  0.0000000E+00  0.0000000E+00  0.0000000E+00  0.0000000E+00  0.0000000E+00
8  5.7079500E-03  0.0000000E+00  1.9076800E-03  3.8002700E-03  0.0000000E+00  0.0000000E+00  0.0000000E+00  0.0000000E+00  0.0000000E+00  0.0000000E+00  0.0000000E+00  0.0000000E+00  0.0000000E+00  0.0000000E+00  0.0000000E+00  0.0000000E+00  0.0000000E+00  0.0000000E+00  0.0000000E+00  0.0000000E+00  0.0000000E+00  0.0000000E+00  0.0000000E+00  0.0000000E+00  0.0000000E+00  0.0000000E+00  0.0000000E+00  0.0000000E+00  0.0000000E+00  0.0000000E+00  0.0000000E+00  0.0000000E+00  0.0000000E+00  0.0000000E+00  0.0000000E+00  0.0000000E+00  0.0000000E+00  0.0000000E+00  0.0000000E+00
9  9.1758400E-03  0.0000000E+00  3.0684100E-03  6.1074300E-03  0.0000000E+00  0.0000000E+00  0.0000000E+00  0.0000000E+00  0.0000000E+00  0.0000000E+00  0.0000000E+00  0.0000000E+00  0.0000000E+00  0.0000000E+00  0.0000000E+00  0.0000000E+00  0.0000000E+00  0.0000000E+00  0.0000000E+00  0.0000000E+00  0.0000000E+00  0.0000000E+00  0.0000000E+00  0.0000000E+00  0.0000000E+00  0.0000000E+00  0.0000000E+00  0.0000000E+00  0.0000000E+00  0.0000000E+00  0.0000000E+00  0.0000000E+00  0.0000000E+00  0.0000000E+00  0.0000000E+00  0.0000000E+00  0.0000000E+00  0.0000000E+00  0.0000000E+00
10  1.3872960E-02  0.0000000E+00  4.6432900E-03  9.2296700E-03  0.0000000E+00  0.0000000E+00  0.0000000E+00  0.0000000E+00  0.0000000E+00  0.0000000E+00  0.0000000E+00  0.0000000E+00  0.0000000E+00  0.0000000E+00  0.0000000E+00  0.0000000E+00  0.0000000E+00  0.0000000E+00  0.0000000E+00  0.0000000E+00  0.0000000E+00  0.0000000E+00  0.0000000E+00  0.0000000E+00  0.0000000E+00  0.0000000E+00  0.0000000E+00  0.0000000E+00  0.0000000E+00  0.0000000E+00  0.0000000E+00  0.0000000E+00  0.0000000E+00  0.0000000E+00  0.0000000E+00  0.0000000E+00  0.0000000E+00  0.0000000E+00  0.0000000E+00
11  1.9985860E-02  0.0000000E+00  6.6899600E-03  1.3295900E-02  0.0000000E+00  0.0000000E+00  0.0000000E+00  0.0000000E+00  0.0000000E+00  0.0000000E+00  0.0000000E+00  0.0000000E+00  0.0000000E+00  0.0000000E+00  0.0000000E+00  0.0000000E+00  0.0000000E+00  0.0000000E+00  0.0000000E+00  0.0000000E+00  0.0000000E+00  0.0000000E+00  0.0000000E+00  0.0000000E+00  0.0000000E+00  0.0000000E+00  0.0000000E+00  0.0000000E+00  0.0000000E+00  0.0000000E+00  0.0000000E+00  0.0000000E+00  0.0000000E+00  0.0000000E+00  0.0000000E+00  0.0000000E+00  0.0000000E+00  0.0000000E+00  0.0000000E+00
12  2.7692170E-02  0.0000000E+00  9.2732700E-03  1.8418900E-02  0.0000000E+00  0.0000000E+00  0.0000000E+00  0.0000000E+00  0.0000000E+00  0.0000000E+00  0.0000000E+00  0.0000000E+00  0.0000000E+00  0.0000000E+00  0.0000000E+00  0.0000000E+00  0.0000000E+00  0.0000000E+00  0.0000000E+00  0.0000000E+00  0.0000000E+00  0.0000000E+00  0.0000000E+00  0.0000000E+00  0.0000000E+00  0.0000000E+00  0.0000000E+00  0.0000000E+00  0.0000000E+00  0.0000000E+00  0.0000000E+00  0.0000000E+00  0.0000000E+00  0.0000000E+00  0.0000000E+00  0.0000000E+00  0.0000000E+00  0.0000000E+00  0.0000000E+00
13  3.7148324E-02  0.0000000E+00  1.2369900E-02  2.4552800E-02  0.0000000E+00  7.5585400E-05  1.5003900E-04  0.0000000E+00  0.0000000E+00  0.0000000E+00  0.0000000E+00  0.0000000E+00  0.0000000E+00  0.0000000E+00  0.0000000E+00  0.0000000E+00  0.0000000E+00  0.0000000E+00  0.0000000E+00  0.0000000E+00  0.0000000E+00  0.0000000E+00  0.0000000E+00  0.0000000E+00  0.0000000E+00  0.0000000E+00  0.0000000E+00  0.0000000E+00  0.0000000E+00  0.0000000E+00  0.0000000E+00  0.0000000E+00  0.0000000E+00  0.0000000E+00  0.0000000E+00  0.0000000E+00  0.0000000E+00  0.0000000E+00  0.0000000E+00
14  4.8497146E-02  0.0000000E+00  1.5979100E-02  3.1705200E-02  0.0000000E+00  2.7240200E-04  5.4044400E-04  0.0000000E+00  0.0000000E+00  0.0000000E+00  0.0000000E+00  0.0000000E+00  0.0000000E+00  0.0000000E+00  0.0000000E+00  0.0000000E+00  0.0000000E+00  0.0000000E+00  0.0000000E+00  0.0000000E+00  0.0000000E+00  0.0000000E+00  0.0000000E+00  0.0000000E+00  0.0000000E+00  0.0000000E+00  0.0000000E+00  0.0000000E+00  0.0000000E+00  0.0000000E+00  0.0000000E+00  0.0000000E+00  0.0000000E+00  0.0000000E+00  0.0000000E+00  0.0000000E+00  0.0000000E+00  0.0000000E+00  0.0000000E+00
15  6.1850469E-02  0.0000000E+00  2.0122000E-02  3.9874900E-02  0.0000000E+00  6.2146900E-04  1.2321000E-03  0.0000000E+00  0.0000000E+00  0.0000000E+00  0.0000000E+00  0.0000000E+00  0.0000000E+00  0.0000000E+00  0.0000000E+00  0.0000000E+00  0.0000000E+00  0.0000000E+00  0.0000000E+00  0.0000000E+00  0.0000000E+00  0.0000000E+00  0.0000000E+00  0.0000000E+00  0.0000000E+00  0.0000000E+00  0.0000000E+00  0.0000000E+00  0.0000000E+00  0.0000000E+00  0.0000000E+00  0.0000000E+00  0.0000000E+00  0.0000000E+00  0.0000000E+00  0.0000000E+00  0.0000000E+00  0.0000000E+00  0.0000000E+00
16  7.7291530E-02  0.0000000E+00  2.4782200E-02  4.9064400E-02  0.0000000E+00  1.1559100E-03  2.2890200E-03  0.0000000E+00  0.0000000E+00  0.0000000E+00  0.0000000E+00  0.0000000E+00  0.0000000E+00  0.0000000E+00  0.0000000E+00  0.0000000E+00  0.0000000E+00  0.0000000E+00  0.0000000E+00  0.0000000E+00  0.0000000E+00  0.0000000E+00  0.0000000E+00  0.0000000E+00  0.0000000E+00  0.0000000E+00  0.0000000E+00  0.0000000E+00  0.0000000E+00  0.0000000E+00  0.0000000E+00  0.0000000E+00  0.0000000E+00  0.0000000E+00  0.0000000E+00  0.0000000E+00  0.0000000E+00  0.0000000E+00  0.0000000E+00
17  9.4869160E-02  0.0000000E+00  2.9947300E-02  5.9235700E-02  0.0000000E+00  1.9085200E-03  3.7776400E-03  0.0000000E+00  0.0000000E+00  0.0000000E+00  0.0000000E+00  0.0000000E+00  0.0000000E+00  0.0000000E+00  0.0000000E+00  0.0000000E+00  0.0000000E+00  0.0000000E+00  0.0000000E+00  0.0000000E+00  0.0000000E+00  0.0000000E+00  0.0000000E+00  0.0000000E+00  0.0000000E+00  0.0000000E+00  0.0000000E+00  0.0000000E+00  0.0000000E+00  0.0000000E+00  0.0000000E+00  0.0000000E+00  0.0000000E+00  0.0000000E+00  0.0000000E+00  0.0000000E+00  0.0000000E+00  0.0000000E+00  0.0000000E+00
18  1.1458944E-01  0.0000000E+00  3.5586800E-02  7.0333600E-02  0.0000000E+00  2.9125800E-03  5.7564600E-03  0.0000000E+00  0.0000000E+00  0.0000000E+00  0.0000000E+00  0.0000000E+00  0.0000000E+00  0.0000000E+00  0.0000000E+00  0.0000000E+00  0.0000000E+00  0.0000000E+00  0.0000000E+00  0.0000000E+00  0.0000000E+00  0.0000000E+00  0.0000000E+00  0.0000000E+00  0.0000000E+00  0.0000000E+00  0.0000000E+00  0.0000000E+00  0.0000000E+00  0.0000000E+00  0.0000000E+00  0.0000000E+00  0.0000000E+00  0.0000000E+00  0.0000000E+00  0.0000000E+00  0.0000000E+00  0.0000000E+00  0.0000000E+00
19  1.3641917E-01  0.0000000E+00  4.1859900E-02  8.2651800E-02  0.0000000E+00  3.9973900E-03  7.9100800E-03  0.0000000E+00  0.0000000E+00  0.0000000E+00  0.0000000E+00  0.0000000E+00  0.0000000E+00  0.0000000E+00  0.0000000E+00  0.0000000E+00  0.0000000E+00  0.0000000E+00  0.0000000E+00  0.0000000E+00  0.0000000E+00  0.0000000E+00  0.0000000E+00  0.0000000E+00  0.0000000E+00  0.0000000E+00  0.0000000E+00  0.0000000E+00  0.0000000E+00  0.0000000E+00  0.0000000E+00  0.0000000E+00  0.0000000E+00  0.0000000E+00  0.0000000E+00  0.0000000E+00  0.0000000E+00  0.0000000E+00  0.0000000E+00
20  1.6027856E-01  0.0000000E+00  4.8719600E-02  9.6132300E-02  0.0000000E+00  5.1777600E-03  1.0248900E-02  0.0000000E+00  0.0000000E+00  0.0000000E+00  0.0000000E+00  0.0000000E+00  0.0000000E+00  0.0000000E+00  0.0000000E+00  0.0000000E+00  0.0000000E+00  0.0000000E+00  0.0000000E+00  0.0000000E+00  0.0000000E+00  0.0000000E+00  0.0000000E+00  0.0000000E+00  0.0000000E+00  0.0000000E+00  0.0000000E+00  0.0000000E+00  0.0000000E+00  0.0000000E+00  0.0000000E+00  0.0000000E+00  0.0000000E+00  0.0000000E+00  0.0000000E+00  0.0000000E+00  0.0000000E+00  0.0000000E+00  0.0000000E+00
21  1.8604160E-01  0.0000000E+00  5.6384100E-02  1.1113000E-01  0.0000000E+00  6.2230100E-03  1.2304000E-02  1.9612000E-07  2.8904100E-07  0.0000000E+00  0.0000000E+00  0.0000000E+00  0.0000000E+00  0.0000000E+00  0.0000000E+00  0.0000000E+00  0.0000000E+00  0.0000000E+00  0.0000000E+00  0.0000000E+00  0.0000000E+00  0.0000000E+00  0.0000000E+00  0.0000000E+00  0.0000000E+00  0.0000000E+00  0.0000000E+00  0.0000000E+00  0.0000000E+00  0.0000000E+00  0.0000000E+00  0.0000000E+00  0.0000000E+00  0.0000000E+00  0.0000000E+00  0.0000000E+00  0.0000000E+00  0.0000000E+00  0.0000000E+00
22  2.1354138E-01  0.0000000E+00  6.4598200E-02  1.2714000E-01  0.0000000E+00  7.3267200E-03  1.4475000E-02  5.9011200E-07  8.6850300E-07  0.0000000E+00  0.0000000E+00  0.0000000E+00  0.0000000E+00  0.0000000E+00  0.0000000E+00  0.0000000E+00  0.0000000E+00  0.0000000E+00  0.0000000E+00  0.0000000E+00  0.0000000E+00  0.0000000E+00  0.0000000E+00  0.0000000E+00  0.0000000E+00  0.0000000E+00  0.0000000E+00  0.0000000E+00  0.0000000E+00  0.0000000E+00  0.0000000E+00  0.0000000E+00  0.0000000E+00  0.0000000E+00  0.0000000E+00  0.0000000E+00  0.0000000E+00  0.0000000E+00  0.0000000E+00
23  2.4256500E-01  0.0000000E+00  7.3282700E-02  1.4405100E-01  0.0000000E+00  8.4840800E-03  1.6744100E-02  1.2646100E-06  1.8572200E-06  0.0000000E+00  0.0000000E+00  0.0000000E+00  0.0000000E+00  0.0000000E+00  0.0000000E+00  0.0000000E+00  0.0000000E+00  0.0000000E+00  0.0000000E+00  0.0000000E+00  0.0000000E+00  0.0000000E+00  0.0000000E+00  0.0000000E+00  0.0000000E+00  0.0000000E+00  0.0000000E+00  0.0000000E+00  0.0000000E+00  0.0000000E+00  0.0000000E+00  0.0000000E+00  0.0000000E+00  0.0000000E+00  0.0000000E+00  0.0000000E+00  0.0000000E+00  0.0000000E+00  0.0000000E+00
24  2.7286701E-01  0.0000000E+00  8.2575900E-02  1.6209000E-01  0.0000000E+00  9.4938900E-03  1.8701000E-02  2.5254000E-06  3.6955000E-06  0.0000000E+00  0.0000000E+00  0.0000000E+00  0.0000000E+00  0.0000000E+00  0.0000000E+00  0.0000000E+00  0.0000000E+00  0.0000000E+00  0.0000000E+00  0.0000000E+00  0.0000000E+00  0.0000000E+00  0.0000000E+00  0.0000000E+00  0.0000000E+00  0.0000000E+00  0.0000000E+00  0.0000000E+00  0.0000000E+00  0.0000000E+00  0.0000000E+00  0.0000000E+00  0.0000000E+00  0.0000000E+00  0.0000000E+00  0.0000000E+00  0.0000000E+00  0.0000000E+00  0.0000000E+00
25  3.0419000E-01  0.0000000E+00  9.1772600E-02  1.7994900E-01  0.0000000E+00  1.0936000E-02  2.1522900E-02  3.8551800E-06  5.6414800E-06  0.0000000E+00  0.0000000E+00  0.0000000E+00  0.0000000E+00  0.0000000E+00  0.0000000E+00  0.0000000E+00  0.0000000E+00  0.0000000E+00  0.0000000E+00  0.0000000E+00  0.0000000E+00  0.0000000E+00  0.0000000E+00  0.0000000E+00  0.0000000E+00  0.0000000E+00  0.0000000E+00  0.0000000E+00  0.0000000E+00  0.0000000E+00  0.0000000E+00  0.0000000E+00  0.0000000E+00  0.0000000E+00  0.0000000E+00  0.0000000E+00  0.0000000E+00  0.0000000E+00  0.0000000E+00
26  3.3624208E-01  0.0000000E+00  1.0139100E-01  1.9862100E-01  0.0000000E+00  1.2211100E-02  2.4004200E-02  6.0079400E-06  8.7722600E-06  0.0000000E+00  0.0000000E+00  0.0000000E+00  0.0000000E+00  0.0000000E+00  0.0000000E+00  0.0000000E+00  0.0000000E+00  0.0000000E+00  0.0000000E+00  0.0000000E+00  0.0000000E+00  0.0000000E+00  0.0000000E+00  0.0000000E+00  0.0000000E+00  0.0000000E+00  0.0000000E+00  0.0000000E+00  0.0000000E+00  0.0000000E+00  0.0000000E+00  0.0000000E+00  0.0000000E+00  0.0000000E+00  0.0000000E+00  0.0000000E+00  0.0000000E+00  0.0000000E+00  0.0000000E+00
27  3.6872688E-01  0.0000000E+00  1.1122000E-01  2.1747000E-01  0.0000000E+00  1.3502000E-02  2.6513000E-02  8.9065100E-06  1.2974000E-05  0.0000000E+00  0.0000000E+00  0.0000000E+00  0.0000000E+00  0.0000000E+00  0.0000000E+00  0.0000000E+00  0.0000000E+00  0.0000000E+00  0.0000000E+00  0.0000000E+00  0.0000000E+00  0.0000000E+00  0.0000000E+00  0.0000000E+00  0.0000000E+00  0.0000000E+00  0.0000000E+00  0.0000000E+00  0.0000000E+00  0.0000000E+00  0.0000000E+00  0.0000000E+00  0.0000000E+00  0.0000000E+00  0.0000000E+00  0.0000000E+00  0.0000000E+00  0.0000000E+00  0.0000000E+00
28  4.0134504E-01  0.0000000E+00  1.2106000E-01  2.3641900E-01  0.0000000E+00  1.4805000E-02  2.9029900E-02  1.2691000E-05  1.8445000E-05  0.0000000E+00  0.0000000E+00  0.0000000E+00  0.0000000E+00  0.0000000E+00  0.0000000E+00  0.0000000E+00  0.0000000E+00  0.0000000E+00  0.0000000E+00  0.0000000E+00  0.0000000E+00  0.0000000E+00  0.0000000E+00  0.0000000E+00  0.0000000E+00  0.0000000E+00  0.0000000E+00  0.0000000E+00  0.0000000E+00  0.0000000E+00  0.0000000E+00  0.0000000E+00  0.0000000E+00  0.0000000E+00  0.0000000E+00  0.0000000E+00  0.0000000E+00  0.0000000E+00  0.0000000E+00
29  4.3381157E-01  0.0000000E+00  1.3111900E-01  2.5566800E-01  0.0000000E+00  1.5889900E-02  3.1090800E-02  1.7938900E-05  2.5934800E-05  0.0000000E+00  0.0000000E+00  0.0000000E+00  0.0000000E+00  0.0000000E+00  0.0000000E+00  0.0000000E+00  0.0000000E+00  0.0000000E+00  0.0000000E+00  0.0000000E+00  0.0000000E+00  0.0000000E+00  0.0000000E+00  0.0000000E+00  0.0000000E+00  0.0000000E+00  0.0000000E+00  0.0000000E+00  0.0000000E+00  0.0000000E+00  0.0000000E+00  0.0000000E+00  0.0000000E+00  0.0000000E+00  0.0000000E+00  0.0000000E+00  0.0000000E+00  0.0000000E+00  0.0000000E+00
30  4.6587240E-01  0.0000000E+00  1.4062000E-01  2.7380900E-01  0.0000000E+00  1.7389000E-02  3.3996900E-02  2.3507900E-05  3.3988900E-05  0.0000000E+00  0.0000000E+00  0.0000000E+00  0.0000000E+00  0.0000000E+00  0.0000000E+00  0.0000000E+00  0.0000000E+00  0.0000000E+00  0.0000000E+00  0.0000000E+00  0.0000000E+00  0.0000000E+00  0.0000000E+00  0.0000000E+00  0.0000000E+00  0.0000000E+00  0.0000000E+00  0.0000000E+00  0.0000000E+00  0.0000000E+00  0.0000000E+00  0.0000000E+00  0.0000000E+00  0.0000000E+00  0.0000000E+00  0.0000000E+00  0.0000000E+00  0.0000000E+00  0.0000000E+00
31  4.9728652E-01  0.0000000E+00  1.4978000E-01  2.9120000E-01  0.0000000E+00  1.8930000E-02  3.6989000E-02  3.0089000E-05  4.3460000E-05  0.0000000E+00  1.0799000E-04  2.0598000E-04  0.0000000E+00  0.0000000E+00  0.0000000E+00  0.0000000E+00  0.0000000E+00  0.0000000E+00  0.0000000E+00  0.0000000E+00  0.0000000E+00  0.0000000E+00  0.0000000E+00  0.0000000E+00  0.0000000E+00  0.0000000E+00  0.0000000E+00  0.0000000E+00  0.0000000E+00  0.0000000E+00  0.0000000E+00  0.0000000E+00  0.0000000E+00  0.0000000E+00  0.0000000E+00  0.0000000E+00  0.0000000E+00  0.0000000E+00  0.0000000E+00
32  5.2783573E-01  0.0000000E+00  1.5853900E-01  3.0769900E-01  0.0000000E+00  2.0492900E-02  4.0037800E-02  3.7628800E-05  5.4277800E-05  0.0000000E+00  3.3422900E-04  6.4089700E-04  0.0000000E+00  0.0000000E+00  0.0000000E+00  0.0000000E+00  0.0000000E+00  0.0000000E+00  0.0000000E+00  0.0000000E+00  0.0000000E+00  0.0000000E+00  0.0000000E+00  0.0000000E+00  0.0000000E+00  0.0000000E+00  0.0000000E+00  0.0000000E+00  0.0000000E+00  0.0000000E+00  0.0000000E+00  0.0000000E+00  0.0000000E+00  0.0000000E+00  0.0000000E+00  0.0000000E+00  0.0000000E+00  0.0000000E+00  0.0000000E+00
33  5.5736615E-01  0.0000000E+00  1.6689000E-01  3.2325100E-01  0.0000000E+00  2.2059000E-02  4.3089100E-02  4.6141100E-05  6.6447100E-05  0.0000000E+00  6.7216200E-04  1.2923000E-03  0.0000000E+00  0.0000000E+00  0.0000000E+00  0.0000000E+00  0.0000000E+00  0.0000000E+00  0.0000000E+00  0.0000000E+00  0.0000000E+00  0.0000000E+00  0.0000000E+00  0.0000000E+00  0.0000000E+00  0.0000000E+00  0.0000000E+00  0.0000000E+00  0.0000000E+00  0.0000000E+00  0.0000000E+00  0.0000000E+00  0.0000000E+00  0.0000000E+00  0.0000000E+00  0.0000000E+00  0.0000000E+00  0.0000000E+00  0.0000000E+00
34  5.8570699E-01  0.0000000E+00  1.7470100E-01  3.3794200E-01  0.0000000E+00  2.3600100E-02  4.6055200E-02  5.5597300E-05  7.9968400E-05  0.0000000E+00  1.1190100E-03  2.1541100E-03  0.0000000E+00  0.0000000E+00  0.0000000E+00  0.0000000E+00  0.0000000E+00  0.0000000E+00  0.0000000E+00  0.0000000E+00  0.0000000E+00  0.0000000E+00  0.0000000E+00  0.0000000E+00  0.0000000E+00  0.0000000E+00  0.0000000E+00  0.0000000E+00  0.0000000E+00  0.0000000E+00  0.0000000E+00  0.0000000E+00  0.0000000E+00  0.0000000E+00  0.0000000E+00  0.0000000E+00  0.0000000E+00  0.0000000E+00  0.0000000E+00
35  6.1277633E-01  0.0000000E+00  1.8207200E-01  3.5153400E-01  0.0000000E+00  2.5113300E-02  4.8999600E-02  6.6044800E-05  9.4821200E-05  0.0000000E+00  1.6743200E-03  3.2222400E-03  0.0000000E+00  0.0000000E+00  0.0000000E+00  0.0000000E+00  0.0000000E+00  0.0000000E+00  0.0000000E+00  0.0000000E+00  0.0000000E+00  0.0000000E+00  0.0000000E+00  0.0000000E+00  0.0000000E+00  0.0000000E+00  0.0000000E+00  0.0000000E+00  0.0000000E+00  0.0000000E+00  0.0000000E+00  0.0000000E+00  0.0000000E+00  0.0000000E+00  0.0000000E+00  0.0000000E+00  0.0000000E+00  0.0000000E+00  0.0000000E+00
36  6.3847904E-01  0.0000000E+00  1.8886900E-01  3.6419900E-01  0.0000000E+00  2.6572900E-02  5.1822800E-02  7.7472700E-05  1.1100000E-04  0.0000000E+00  2.3349900E-03  4.4918800E-03  0.0000000E+00  0.0000000E+00  0.0000000E+00  0.0000000E+00  0.0000000E+00  0.0000000E+00  0.0000000E+00  0.0000000E+00  0.0000000E+00  0.0000000E+00  0.0000000E+00  0.0000000E+00  0.0000000E+00  0.0000000E+00  0.0000000E+00  0.0000000E+00  0.0000000E+00  0.0000000E+00  0.0000000E+00  0.0000000E+00  0.0000000E+00  0.0000000E+00  0.0000000E+00  0.0000000E+00  0.0000000E+00  0.0000000E+00  0.0000000E+00
37  6.6278454E-01  0.0000000E+00  1.9530900E-01  3.7573700E-01  0.0000000E+00  2.8002800E-02  5.4586600E-02  8.9957300E-05  1.2863900E-04  0.0000000E+00  3.0509800E-03  5.8795600E-03  0.0000000E+00  0.0000000E+00  0.0000000E+00  0.0000000E+00  0.0000000E+00  0.0000000E+00  0.0000000E+00  0.0000000E+00  0.0000000E+00  0.0000000E+00  0.0000000E+00  0.0000000E+00  0.0000000E+00  0.0000000E+00  0.0000000E+00  0.0000000E+00  0.0000000E+00  0.0000000E+00  0.0000000E+00  0.0000000E+00  0.0000000E+00  0.0000000E+00  0.0000000E+00  0.0000000E+00  0.0000000E+00  0.0000000E+00  0.0000000E+00
38  6.8567285E-01  0.0000000E+00  2.0126200E-01  3.8645500E-01  0.0000000E+00  2.9372400E-02  5.7251700E-02  1.0347100E-04  1.4764200E-04  0.0000000E+00  3.8054500E-03  7.2751900E-03  0.0000000E+00  0.0000000E+00  0.0000000E+00  0.0000000E+00  0.0000000E+00  0.0000000E+00  0.0000000E+00  0.0000000E+00  0.0000000E+00  0.0000000E+00  0.0000000E+00  0.0000000E+00  0.0000000E+00  0.0000000E+00  0.0000000E+00  0.0000000E+00  0.0000000E+00  0.0000000E+00  0.0000000E+00  0.0000000E+00  0.0000000E+00  0.0000000E+00  0.0000000E+00  0.0000000E+00  0.0000000E+00  0.0000000E+00  0.0000000E+00
39  7.0711895E-01  0.0000000E+00  2.0680800E-01  3.9625600E-01  0.0000000E+00  3.0703700E-02  5.9823400E-02  1.1790900E-04  1.6788800E-04  0.0000000E+00  4.5263600E-03  8.7140100E-03  6.9574300E-07  9.8307000E-07  0.0000000E+00  0.0000000E+00  0.0000000E+00  0.0000000E+00  0.0000000E+00  0.0000000E+00  0.0000000E+00  0.0000000E+00  0.0000000E+00  0.0000000E+00  0.0000000E+00  0.0000000E+00  0.0000000E+00  0.0000000E+00  0.0000000E+00  0.0000000E+00  0.0000000E+00  0.0000000E+00  0.0000000E+00  0.0000000E+00  0.0000000E+00  0.0000000E+00  0.0000000E+00  0.0000000E+00  0.0000000E+00
40  7.2718047E-01  0.0000000E+00  2.1187100E-01  4.0545100E-01  0.0000000E+00  3.1975100E-02  6.2264200E-02  1.3329000E-04  1.8933000E-04  0.0000000E+00  5.2360100E-03  1.0056000E-02  1.8826000E-06  2.6563100E-06  0.0000000E+00  0.0000000E+00  0.0000000E+00  0.0000000E+00  0.0000000E+00  0.0000000E+00  0.0000000E+00  0.0000000E+00  0.0000000E+00  0.0000000E+00  0.0000000E+00  0.0000000E+00  0.0000000E+00  0.0000000E+00  0.0000000E+00  0.0000000E+00  0.0000000E+00  0.0000000E+00  0.0000000E+00  0.0000000E+00  0.0000000E+00  0.0000000E+00  0.0000000E+00  0.0000000E+00  0.0000000E+00
41  7.4588091E-01  0.0000000E+00  2.1674000E-01  4.1388900E-01  0.0000000E+00  3.3181900E-02  6.4614900E-02  1.4962000E-04  2.1201000E-04  0.0000000E+00  5.8661900E-03  1.1217000E-02  4.2858900E-06  6.0076900E-06  0.0000000E+00  0.0000000E+00  0.0000000E+00  0.0000000E+00  0.0000000E+00  0.0000000E+00  0.0000000E+00  0.0000000E+00  0.0000000E+00  0.0000000E+00  0.0000000E+00  0.0000000E+00  0.0000000E+00  0.0000000E+00  0.0000000E+00  0.0000000E+00  0.0000000E+00  0.0000000E+00  0.0000000E+00  0.0000000E+00  0.0000000E+00  0.0000000E+00  0.0000000E+00  0.0000000E+00  0.0000000E+00
42  7.6325992E-01  0.0000000E+00  2.2130900E-01  4.2171800E-01  0.0000000E+00  3.4358900E-02  6.6887700E-02  1.6691900E-04  2.3603900E-04  0.0000000E+00  6.3413700E-03  1.2225900E-02  6.7082700E-06  9.3854600E-06  0.0000000E+00  0.0000000E+00  0.0000000E+00  0.0000000E+00  0.0000000E+00  0.0000000E+00  0.0000000E+00  0.0000000E+00  0.0000000E+00  0.0000000E+00  0.0000000E+00  0.0000000E+00  0.0000000E+00  0.0000000E+00  0.0000000E+00  0.0000000E+00  0.0000000E+00  0.0000000E+00  0.0000000E+00  0.0000000E+00  0.0000000E+00  0.0000000E+00  0.0000000E+00  0.0000000E+00  0.0000000E+00
43  7.7937805E-01  0.0000000E+00  2.2557100E-01  4.2885200E-01  0.0000000E+00  3.5467200E-02  6.9025400E-02  1.8502100E-04  2.6114100E-04  0.0000000E+00  6.8427400E-03  1.3150100E-02  9.7892500E-06  1.3661100E-05  0.0000000E+00  0.0000000E+00  0.0000000E+00  0.0000000E+00  0.0000000E+00  0.0000000E+00  0.0000000E+00  0.0000000E+00  0.0000000E+00  0.0000000E+00  0.0000000E+00  0.0000000E+00  0.0000000E+00  0.0000000E+00  0.0000000E+00  0.0000000E+00  0.0000000E+00  0.0000000E+00  0.0000000E+00  0.0000000E+00  0.0000000E+00  0.0000000E+00  0.0000000E+00  0.0000000E+00  0.0000000E+00
44  7.9430177E-01  0.0000000E+00  2.2959900E-01  4.3559800E-01  0.0000000E+00  3.6551800E-02  7.1088600E-02  2.0418900E-04  2.8728900E-04  0.0000000E+00  7.1584600E-03  1.3781900E-02  1.3605900E-05  1.8926900E-05  0.0000000E+00  0.0000000E+00  0.0000000E+00  0.0000000E+00  0.0000000E+00  0.0000000E+00  0.0000000E+00  0.0000000E+00  0.0000000E+00  0.0000000E+00  0.0000000E+00  0.0000000E+00  0.0000000E+00  0.0000000E+00  0.0000000E+00  0.0000000E+00  0.0000000E+00  0.0000000E+00  0.0000000E+00  0.0000000E+00  0.0000000E+00  0.0000000E+00  0.0000000E+00  0.0000000E+00  0.0000000E+00
45  8.0808939E-01  0.0000000E+00  2.3332000E-01  4.4168900E-01  0.0000000E+00  3.7561900E-02  7.3037900E-02  2.2413000E-04  3.1459900E-04  0.0000000E+00  7.4703900E-03  1.4428000E-02  1.8209000E-05  2.5266000E-05  0.0000000E+00  0.0000000E+00  0.0000000E+00  0.0000000E+00  0.0000000E+00  0.0000000E+00  0.0000000E+00  0.0000000E+00  0.0000000E+00  0.0000000E+00  0.0000000E+00  0.0000000E+00  0.0000000E+00  0.0000000E+00  0.0000000E+00  0.0000000E+00  0.0000000E+00  0.0000000E+00  0.0000000E+00  0.0000000E+00  0.0000000E+00  0.0000000E+00  0.0000000E+00  0.0000000E+00  0.0000000E+00
46  8.2083081E-01  0.0000000E+00  2.3674000E-01  4.4719100E-01  0.0000000E+00  3.8520100E-02  7.4866100E-02  2.4490000E-04  3.4267000E-04  0.0000000E+00  7.7841100E-03  1.5084000E-02  2.4394000E-05  3.3539000E-05  0.0000000E+00  0.0000000E+00  0.0000000E+00  0.0000000E+00  0.0000000E+00  0.0000000E+00  0.0000000E+00  0.0000000E+00  0.0000000E+00  0.0000000E+00  0.0000000E+00  0.0000000E+00  0.0000000E+00  0.0000000E+00  0.0000000E+00  0.0000000E+00  0.0000000E+00  0.0000000E+00  0.0000000E+00  0.0000000E+00  0.0000000E+00  0.0000000E+00  0.0000000E+00  0.0000000E+00  0.0000000E+00
47  8.3257010E-01  0.0000000E+00  2.4001000E-01  4.5227100E-01  0.0000000E+00  3.9435000E-02  7.6627100E-02  2.6654000E-04  3.7192000E-04  0.0000000E+00  8.0161100E-03  1.5501000E-02  3.0034000E-05  4.1396000E-05  0.0000000E+00  0.0000000E+00  0.0000000E+00  0.0000000E+00  0.0000000E+00  0.0000000E+00  0.0000000E+00  0.0000000E+00  0.0000000E+00  0.0000000E+00  0.0000000E+00  0.0000000E+00  0.0000000E+00  0.0000000E+00  0.0000000E+00  0.0000000E+00  0.0000000E+00  0.0000000E+00  0.0000000E+00  0.0000000E+00  0.0000000E+00  0.0000000E+00  0.0000000E+00  0.0000000E+00  0.0000000E+00
48  8.4338123E-01  0.0000000E+00  2.4303800E-01  4.5683700E-01  0.0000000E+00  4.0306700E-02  7.8297400E-02  2.8898800E-04  4.0223700E-04  0.0000000E+00  8.2052400E-03  1.5919900E-02  3.6065700E-05  4.9694600E-05  0.0000000E+00  0.0000000E+00  0.0000000E+00  0.0000000E+00  0.0000000E+00  0.0000000E+00  0.0000000E+00  0.0000000E+00  0.0000000E+00  0.0000000E+00  0.0000000E+00  0.0000000E+00  0.0000000E+00  0.0000000E+00  0.0000000E+00  0.0000000E+00  0.0000000E+00  0.0000000E+00  0.0000000E+00  0.0000000E+00  0.0000000E+00  0.0000000E+00  0.0000000E+00  0.0000000E+00  0.0000000E+00
49  8.5334040E-01  0.0000000E+00  2.4569900E-01  4.6090900E-01  0.0000000E+00  4.1126900E-02  7.9852700E-02  3.1228900E-04  4.3332900E-04  0.0000000E+00  8.3946700E-03  1.6341900E-02  4.2704900E-05  5.8814800E-05  0.0000000E+00  0.0000000E+00  0.0000000E+00  6.0804800E-05  1.0829000E-04  0.0000000E+00  0.0000000E+00  0.0000000E+00  0.0000000E+00  0.0000000E+00  0.0000000E+00  0.0000000E+00  0.0000000E+00  0.0000000E+00  0.0000000E+00  0.0000000E+00  0.0000000E+00  0.0000000E+00  0.0000000E+00  0.0000000E+00  0.0000000E+00  0.0000000E+00  0.0000000E+00  0.0000000E+00  0.0000000E+00
50  8.6251054E-01  0.0000000E+00  2.4818100E-01  4.6434200E-01  0.0000000E+00  4.1892100E-02  8.1341300E-02  3.3621100E-04  4.6514200E-04  0.0000000E+00  8.5846300E-03  1.6766100E-02  4.9747200E-05  6.8409200E-05  0.0000000E+00  0.0000000E+00  0.0000000E+00  1.7186100E-04  3.1204100E-04  0.0000000E+00  0.0000000E+00  0.0000000E+00  0.0000000E+00  0.0000000E+00  0.0000000E+00  0.0000000E+00  0.0000000E+00  0.0000000E+00  0.0000000E+00  0.0000000E+00  0.0000000E+00  0.0000000E+00  0.0000000E+00  0.0000000E+00  0.0000000E+00  0.0000000E+00  0.0000000E+00  0.0000000E+00  0.0000000E+00
51  8.7092956E-01  0.0000000E+00  2.5043000E-01  4.6735000E-01  0.0000000E+00  4.2606000E-02  8.2664000E-02  3.6086000E-04  4.9769000E-04  0.0000000E+00  8.7744000E-03  1.7192000E-02  5.7168000E-05  7.8445000E-05  0.0000000E+00  0.0000000E+00  0.0000000E+00  3.2392000E-04  5.9508000E-04  0.0000000E+00  0.0000000E+00  0.0000000E+00  0.0000000E+00  0.0000000E+00  0.0000000E+00  0.0000000E+00  0.0000000E+00  0.0000000E+00  0.0000000E+00  0.0000000E+00  0.0000000E+00  0.0000000E+00  0.0000000E+00  0.0000000E+00  0.0000000E+00  0.0000000E+00  0.0000000E+00  0.0000000E+00  0.0000000E+00
52  8.7868905E-01  0.0000000E+00  2.5244000E-01  4.6994000E-01  0.0000000E+00  4.3271000E-02  8.3920000E-02  3.8615000E-04  5.3098000E-04  0.0000000E+00  8.9646000E-03  1.7619000E-02  6.5000000E-05  8.9004000E-05  0.0000000E+00  0.0000000E+00  0.0000000E+00  5.1361000E-04  9.4971000E-04  0.0000000E+00  0.0000000E+00  0.0000000E+00  0.0000000E+00  0.0000000E+00  0.0000000E+00  0.0000000E+00  0.0000000E+00  0.0000000E+00  0.0000000E+00  0.0000000E+00  0.0000000E+00  0.0000000E+00  0.0000000E+00  0.0000000E+00  0.0000000E+00  0.0000000E+00  0.0000000E+00  0.0000000E+00  0.0000000E+00
53  8.8580950E-01  0.0000000E+00  2.5430900E-01  4.7211800E-01  0.0000000E+00  4.3908800E-02  8.5151700E-02  4.1224900E-04  5.6505800E-04  0.0000000E+00  9.1560700E-03  1.7911900E-02  7.3223700E-05  1.0007000E-04  0.0000000E+00  0.0000000E+00  0.0000000E+00  7.3212700E-04  1.3713000E-03  0.0000000E+00  0.0000000E+00  0.0000000E+00  0.0000000E+00  0.0000000E+00  0.0000000E+00  0.0000000E+00  0.0000000E+00  0.0000000E+00  0.0000000E+00  0.0000000E+00  0.0000000E+00  0.0000000E+00  0.0000000E+00  0.0000000E+00  0.0000000E+00  0.0000000E+00  0.0000000E+00  0.0000000E+00  0.0000000E+00
54  8.9237003E-01  0.0000000E+00  2.5598800E-01  4.7407700E-01  0.0000000E+00  4.4502700E-02  8.6277500E-02  4.3897700E-04  5.9949600E-04  0.0000000E+00  9.3306400E-03  1.8197900E-02  8.1830500E-05  1.1153900E-04  0.0000000E+00  0.0000000E+00  0.0000000E+00  9.5625400E-04  1.8081900E-03  0.0000000E+00  0.0000000E+00  0.0000000E+00  0.0000000E+00  0.0000000E+00  0.0000000E+00  0.0000000E+00  0.0000000E+00  0.0000000E+00  0.0000000E+00  0.0000000E+00  0.0000000E+00  0.0000000E+00  0.0000000E+00  0.0000000E+00  0.0000000E+00  0.0000000E+00  0.0000000E+00  0.0000000E+00  0.0000000E+00
55  8.9838881E-01  0.0000000E+00  2.5759000E-01  4.7571100E-01  0.0000000E+00  4.5068100E-02  8.7356100E-02  4.6639100E-04  6.3515100E-04  0.0000000E+00  9.4826200E-03  1.8483000E-02  9.0934200E-05  1.2361000E-04  0.0000000E+00  0.0000000E+00  0.0000000E+00  1.1699000E-03  2.2120000E-03  0.0000000E+00  0.0000000E+00  0.0000000E+00  0.0000000E+00  0.0000000E+00  0.0000000E+00  0.0000000E+00  0.0000000E+00  0.0000000E+00  0.0000000E+00  0.0000000E+00  0.0000000E+00  0.0000000E+00  0.0000000E+00  0.0000000E+00  0.0000000E+00  0.0000000E+00  0.0000000E+00  0.0000000E+00  0.0000000E+00
56  9.0393019E-01  0.0000000E+00  2.5910900E-01  4.7711900E-01  0.0000000E+00  4.5599900E-02  8.8354800E-02  4.9453900E-04  6.7124800E-04  0.0000000E+00  9.6336800E-03  1.8767000E-02  1.0047000E-04  1.3626000E-04  0.0000000E+00  0.0000000E+00  0.0000000E+00  1.3517000E-03  2.5925900E-03  0.0000000E+00  0.0000000E+00  0.0000000E+00  0.0000000E+00  0.0000000E+00  0.0000000E+00  0.0000000E+00  0.0000000E+00  0.0000000E+00  0.0000000E+00  0.0000000E+00  0.0000000E+00  0.0000000E+00  0.0000000E+00  0.0000000E+00  0.0000000E+00  0.0000000E+00  0.0000000E+00  0.0000000E+00  0.0000000E+00
57  9.0902996E-01  0.0000000E+00  2.6046000E-01  4.7835100E-01  0.0000000E+00  4.6105100E-02  8.9324100E-02  5.2330100E-04  7.0781100E-04  0.0000000E+00  9.7835100E-03  1.9047000E-02  1.1046000E-04  1.4938000E-04  0.0000000E+00  0.0000000E+00  0.0000000E+00  1.5326000E-03  2.9357000E-03  0.0000000E+00  0.0000000E+00  0.0000000E+00  0.0000000E+00  0.0000000E+00  0.0000000E+00  0.0000000E+00  0.0000000E+00  0.0000000E+00  0.0000000E+00  0.0000000E+00  0.0000000E+00  0.0000000E+00  0.0000000E+00  0.0000000E+00  0.0000000E+00  0.0000000E+00  0.0000000E+00  0.0000000E+00  0.0000000E+00
58  9.1371941E-01  0.0000000E+00  2.6177100E-01  4.7937100E-01  0.0000000E+00  4.6595100E-02  9.0280300E-02  5.5403200E-04  7.4676200E-04  0.0000000E+00  9.9195300E-03  1.9300100E-02  1.1650000E-04  1.5678000E-04  0.0000000E+00  0.0000000E+00  0.0000000E+00  1.6725000E-03  3.2358100E-03  0.0000000E+00  0.0000000E+00  0.0000000E+00  0.0000000E+00  0.0000000E+00  0.0000000E+00  0.0000000E+00  0.0000000E+00  0.0000000E+00  0.0000000E+00  0.0000000E+00  0.0000000E+00  0.0000000E+00  0.0000000E+00  0.0000000E+00  0.0000000E+00  0.0000000E+00  0.0000000E+00  0.0000000E+00  0.0000000E+00
59  9.1803041E-01  0.0000000E+00  2.6297000E-01  4.8024900E-01  0.0000000E+00  4.7063900E-02  9.1118800E-02  5.8463900E-04  7.8505900E-04  0.0000000E+00  1.0062000E-02  1.9564000E-02  1.2452000E-04  1.6700000E-04  0.0000000E+00  0.0000000E+00  0.0000000E+00  1.8074000E-03  3.5340900E-03  0.0000000E+00  0.0000000E+00  0.0000000E+00  0.0000000E+00  0.0000000E+00  0.0000000E+00  0.0000000E+00  0.0000000E+00  0.0000000E+00  0.0000000E+00  0.0000000E+00  0.0000000E+00  0.0000000E+00  0.0000000E+00  0.0000000E+00  0.0000000E+00  0.0000000E+00  0.0000000E+00  0.0000000E+00  0.0000000E+00
60  9.2199997E-01  0.0000000E+00  2.6410200E-01  4.8096300E-01  0.0000000E+00  4.7511300E-02  9.1938500E-02  6.1607400E-04  8.2412500E-04  0.0000000E+00  1.0202100E-02  1.9827100E-02  1.3270100E-04  1.7724100E-04  0.0000000E+00  0.0000000E+00  0.0000000E+00  1.9154100E-03  3.7904200E-03  0.0000000E+00  0.0000000E+00  0.0000000E+00  0.0000000E+00  0.0000000E+00  0.0000000E+00  0.0000000E+00  0.0000000E+00  0.0000000E+00  0.0000000E+00  0.0000000E+00  0.0000000E+00  0.0000000E+00  0.0000000E+00  0.0000000E+00  0.0000000E+00  0.0000000E+00  0.0000000E+00  0.0000000E+00  0.0000000E+00
61  9.2566012E-01  0.0000000E+00  2.6528000E-01  4.8137000E-01  0.0000000E+00  4.7918000E-02  9.2730000E-02  6.4842000E-04  8.6443000E-04  0.0000000E+00  1.0343000E-02  2.0089000E-02  1.4108000E-04  1.8769000E-04  0.0000000E+00  0.0000000E+00  0.0000000E+00  2.0279000E-03  4.0606000E-03  0.0000000E+00  0.0000000E+00  0.0000000E+00  0.0000000E+00  0.0000000E+00  0.0000000E+00  0.0000000E+00  0.0000000E+00  0.0000000E+00  0.0000000E+00  0.0000000E+00  0.0000000E+00  0.0000000E+00  0.0000000E+00  0.0000000E+00  0.0000000E+00  0.0000000E+00  0.0000000E+00  0.0000000E+00  0.0000000E+00
62  9.2902967E-01  0.0000000E+00  2.6625100E-01  4.8192100E-01  0.0000000E+00  4.8294100E-02  9.3437200E-02  6.8078100E-04  9.0428200E-04  0.0000000E+00  1.0473000E-02  2.0331000E-02  1.4947000E-04  1.9803000E-04  0.0000000E+00  0.0000000E+00  0.0000000E+00  2.1139000E-03  4.2759100E-03  0.0000000E+00  0.0000000E+00  0.0000000E+00  0.0000000E+00  0.0000000E+00  0.0000000E+00  0.0000000E+00  0.0000000E+00  0.0000000E+00  0.0000000E+00  0.0000000E+00  0.0000000E+00  0.0000000E+00  0.0000000E+00  0.0000000E+00  0.0000000E+00  0.0000000E+00  0.0000000E+00  0.0000000E+00  0.0000000E+00
63  9.3212983E-01  0.0000000E+00  2.6733000E-01  4.8213000E-01  0.0000000E+00  4.8663000E-02  9.4149000E-02  7.1418000E-04  9.4502000E-04  0.0000000E+00  1.0602000E-02  2.0569000E-02  1.5808000E-04  2.0855000E-04  0.0000000E+00  0.0000000E+00  0.0000000E+00  2.1898000E-03  4.4712000E-03  0.0000000E+00  0.0000000E+00  0.0000000E+00  0.0000000E+00  0.0000000E+00  0.0000000E+00  0.0000000E+00  0.0000000E+00  0.0000000E+00  0.0000000E+00  0.0000000E+00  0.0000000E+00  0.0000000E+00  0.0000000E+00  0.0000000E+00  0.0000000E+00  0.0000000E+00  0.0000000E+00  0.0000000E+00  0.0000000E+00
64  9.3499008E-01  0.0000000E+00  2.6822000E-01  4.8224000E-01  0.0000000E+00  4.9006000E-02  9.4786900E-02  7.4760900E-04  9.8498900E-04  0.0000000E+00  1.0769000E-02  2.0904000E-02  1.6847000E-04  2.2141000E-04  0.0000000E+00  0.0000000E+00  0.0000000E+00  2.2680000E-03  4.6737000E-03  0.0000000E+00  0.0000000E+00  0.0000000E+00  0.0000000E+00  0.0000000E+00  0.0000000E+00  0.0000000E+00  0.0000000E+00  0.0000000E+00  0.0000000E+00  0.0000000E+00  0.0000000E+00  0.0000000E+00  0.0000000E+00  0.0000000E+00  0.0000000E+00  0.0000000E+00  0.0000000E+00  0.0000000E+00  0.0000000E+00
65  9.3763011E-01  0.0000000E+00  2.6919000E-01  4.8248000E-01  0.0000000E+00  4.9349000E-02  9.5450900E-02  7.8268000E-04  1.0271000E-03  0.0000000E+00  1.0829000E-02  2.0988000E-02  1.7564000E-04  2.2969000E-04  0.0000000E+00  0.0000000E+00  0.0000000E+00  2.3238000E-03  4.8043000E-03  0.0000000E+00  0.0000000E+00  0.0000000E+00  0.0000000E+00  0.0000000E+00  0.0000000E+00  0.0000000E+00  0.0000000E+00  0.0000000E+00  0.0000000E+00  0.0000000E+00  0.0000000E+00  0.0000000E+00  0.0000000E+00  0.0000000E+00  0.0000000E+00  0.0000000E+00  0.0000000E+00  0.0000000E+00  0.0000000E+00
66  9.4005963E-01  0.0000000E+00  2.7004000E-01  4.8259000E-01  0.0000000E+00  4.9670000E-02  9.6017000E-02  8.1783000E-04  1.0689000E-03  0.0000000E+00  1.0933000E-02  2.1179000E-02  1.8463000E-04  2.4037000E-04  0.0000000E+00  0.0000000E+00  0.0000000E+00  2.3808000E-03  4.9381000E-03  0.0000000E+00  0.0000000E+00  0.0000000E+00  0.0000000E+00  0.0000000E+00  0.0000000E+00  0.0000000E+00  0.0000000E+00  0.0000000E+00  0.0000000E+00  0.0000000E+00  0.0000000E+00  0.0000000E+00  0.0000000E+00  0.0000000E+00  0.0000000E+00  0.0000000E+00  0.0000000E+00  0.0000000E+00  0.0000000E+00
67  9.4150123E-01  0.0000000E+00  2.7067900E-01  4.8208700E-01  0.0000000E+00  4.9933700E-02  9.6517500E-02  8.5283500E-04  1.1102900E-03  0.0000000E+00  1.1022900E-02  2.1343900E-02  1.9362900E-04  2.5091900E-04  0.0000000E+00  0.0000000E+00  0.0000000E+00  2.4382900E-03  5.0712700E-03  0.0000000E+00  0.0000000E+00  0.0000000E+00  0.0000000E+00  0.0000000E+00  0.0000000E+00  0.0000000E+00  0.0000000E+00  0.0000000E+00  0.0000000E+00  0.0000000E+00  0.0000000E+00  0.0000000E+00  0.0000000E+00  0.0000000E+00  0.0000000E+00  0.0000000E+00  0.0000000E+00  0.0000000E+00  0.0000000E+00
68  9.4383930E-01  0.0000000E+00  2.7169100E-01  4.8212200E-01  0.0000000E+00  5.0217200E-02  9.7058500E-02  8.8931400E-04  1.1526100E-03  0.0000000E+00  1.1117100E-02  2.1514100E-02  2.0294100E-04  2.6180100E-04  0.0000000E+00  0.0000000E+00  0.0000000E+00  2.4765100E-03  5.1362200E-03  0.0000000E+00  0.0000000E+00  0.0000000E+00  0.0000000E+00  0.0000000E+00  0.0000000E+00  0.0000000E+00  0.0000000E+00  0.0000000E+00  0.0000000E+00  0.0000000E+00  0.0000000E+00  0.0000000E+00  0.0000000E+00  0.0000000E+00  0.0000000E+00  0.0000000E+00  0.0000000E+00  0.0000000E+00  0.0000000E+00
69  9.4601954E-01  0.0000000E+00  2.7265900E-01  4.8201800E-01  0.0000000E+00  5.0509800E-02  9.7619600E-02  9.2644600E-04  1.1956000E-03  0.0000000E+00  1.1212000E-02  2.1684900E-02  2.1246900E-04  2.7265900E-04  0.0000000E+00  0.0000000E+00  0.0000000E+00  2.5082900E-03  5.2007800E-03  0.0000000E+00  0.0000000E+00  0.0000000E+00  0.0000000E+00  0.0000000E+00  0.0000000E+00  0.0000000E+00  0.0000000E+00  0.0000000E+00  0.0000000E+00  0.0000000E+00  0.0000000E+00  0.0000000E+00  0.0000000E+00  0.0000000E+00  0.0000000E+00  0.0000000E+00  0.0000000E+00  0.0000000E+00  0.0000000E+00
70  9.4804906E-01  0.0000000E+00  2.7349000E-01  4.8194900E-01  0.0000000E+00  5.0794900E-02  9.8149900E-02  9.6430900E-04  1.2387000E-03  0.0000000E+00  1.1298000E-02  2.1853000E-02  2.2210000E-04  2.8376000E-04  0.0000000E+00  0.0000000E+00  0.0000000E+00  2.5400000E-03  5.2653900E-03  0.0000000E+00  0.0000000E+00  0.0000000E+00  0.0000000E+00  0.0000000E+00  0.0000000E+00  0.0000000E+00  0.0000000E+00  0.0000000E+00  0.0000000E+00  0.0000000E+00  0.0000000E+00  0.0000000E+00  0.0000000E+00  0.0000000E+00  0.0000000E+00  0.0000000E+00  0.0000000E+00  0.0000000E+00  0.0000000E+00
71  9.4995027E-01  0.0000000E+00  2.7434200E-01  4.8173400E-01  0.0000000E+00  5.1046400E-02  9.8628700E-02  1.0021100E-03  1.2813100E-03  0.0000000E+00  1.1413100E-02  2.2066200E-02  2.3334200E-04  2.9673200E-04  0.0000000E+00  0.0000000E+00  0.0000000E+00  2.5726200E-03  5.3314400E-03  1.0590100E-06  1.2546100E-06  0.0000000E+00  0.0000000E+00  0.0000000E+00  0.0000000E+00  0.0000000E+00  0.0000000E+00  0.0000000E+00  0.0000000E+00  0.0000000E+00  0.0000000E+00  0.0000000E+00  0.0000000E+00  0.0000000E+00  0.0000000E+00  0.0000000E+00  0.0000000E+00  0.0000000E+00  0.0000000E+00
72  9.5172056E-01  0.0000000E+00  2.7517800E-01  4.8145600E-01  0.0000000E+00  5.1254500E-02  9.9064100E-02  1.0399900E-03  1.3237900E-03  0.0000000E+00  1.1526900E-02  2.2313800E-02  2.4502800E-04  3.1035700E-04  0.0000000E+00  0.0000000E+00  0.0000000E+00  2.6048800E-03  5.3972500E-03  2.7124800E-06  3.2497700E-06  0.0000000E+00  0.0000000E+00  0.0000000E+00  0.0000000E+00  0.0000000E+00  0.0000000E+00  0.0000000E+00  0.0000000E+00  0.0000000E+00  0.0000000E+00  0.0000000E+00  0.0000000E+00  0.0000000E+00  0.0000000E+00  0.0000000E+00  0.0000000E+00  0.0000000E+00  0.0000000E+00
73  9.5337973E-01  0.0000000E+00  2.7603100E-01  4.8106100E-01  0.0000000E+00  5.1486200E-02  9.9484300E-02  1.0784000E-03  1.3665000E-03  0.0000000E+00  1.1643000E-02  2.2556100E-02  2.5726100E-04  3.2437100E-04  0.0000000E+00  0.0000000E+00  0.0000000E+00  2.6373100E-03  5.4434200E-03  4.9362100E-06  5.9330200E-06  0.0000000E+00  0.0000000E+00  0.0000000E+00  0.0000000E+00  0.0000000E+00  0.0000000E+00  0.0000000E+00  0.0000000E+00  0.0000000E+00  0.0000000E+00  0.0000000E+00  0.0000000E+00  0.0000000E+00  0.0000000E+00  0.0000000E+00  0.0000000E+00  0.0000000E+00  0.0000000E+00
74  9.5386045E-01  0.0000000E+00  2.7654800E-01  4.8010700E-01  0.0000000E+00  5.1624700E-02  9.9764400E-02  1.1160900E-03  1.4074900E-03  0.0000000E+00  1.1745900E-02  2.2782900E-02  2.6949800E-04  3.3830800E-04  0.0000000E+00  0.0000000E+00  0.0000000E+00  2.6696800E-03  5.4695700E-03  7.6777500E-06  9.2354400E-06  0.0000000E+00  0.0000000E+00  0.0000000E+00  0.0000000E+00  0.0000000E+00  0.0000000E+00  0.0000000E+00  0.0000000E+00  0.0000000E+00  0.0000000E+00  0.0000000E+00  0.0000000E+00  0.0000000E+00  0.0000000E+00  0.0000000E+00  0.0000000E+00  0.0000000E+00  0.0000000E+00
75  9.5504949E-01  0.0000000E+00  2.7729100E-01  4.7945200E-01  0.0000000E+00  5.1816200E-02  1.0013000E-01  1.1552100E-03  1.4498100E-03  0.0000000E+00  1.1859100E-02  2.3038100E-02  2.8253100E-04  3.5308200E-04  0.0000000E+00  0.0000000E+00  0.0000000E+00  2.7020100E-03  5.4957200E-03  1.1256100E-05  1.3468100E-05  0.0000000E+00  0.0000000E+00  0.0000000E+00  0.0000000E+00  0.0000000E+00  0.0000000E+00  0.0000000E+00  0.0000000E+00  0.0000000E+00  0.0000000E+00  0.0000000E+00  0.0000000E+00  0.0000000E+00  0.0000000E+00  0.0000000E+00  0.0000000E+00  0.0000000E+00  0.0000000E+00
76  9.5614995E-01  0.0000000E+00  2.7796000E-01  4.7884100E-01  0.0000000E+00  5.1985100E-02  1.0048000E-01  1.1946000E-03  1.4918000E-03  0.0000000E+00  1.1970000E-02  2.3274000E-02  2.9582000E-04  3.6795100E-04  0.0000000E+00  0.0000000E+00  0.0000000E+00  2.7342000E-03  5.5213100E-03  1.5517000E-05  1.8650000E-05  0.0000000E+00  0.0000000E+00  0.0000000E+00  0.0000000E+00  0.0000000E+00  0.0000000E+00  0.0000000E+00  0.0000000E+00  0.0000000E+00  0.0000000E+00  0.0000000E+00  0.0000000E+00  0.0000000E+00  0.0000000E+00  0.0000000E+00  0.0000000E+00  0.0000000E+00  0.0000000E+00
77  9.5718059E-01  0.0000000E+00  2.7873000E-01  4.7807000E-01  0.0000000E+00  5.2138000E-02  1.0082000E-01  1.2344000E-03  1.5332000E-03  0.0000000E+00  1.2080000E-02  2.3525000E-02  3.0949000E-04  3.8316000E-04  0.0000000E+00  0.0000000E+00  0.0000000E+00  2.7662000E-03  5.5462000E-03  2.0502000E-05  2.4436000E-05  0.0000000E+00  0.0000000E+00  0.0000000E+00  0.0000000E+00  0.0000000E+00  0.0000000E+00  0.0000000E+00  0.0000000E+00  0.0000000E+00  0.0000000E+00  0.0000000E+00  0.0000000E+00  0.0000000E+00  0.0000000E+00  0.0000000E+00  0.0000000E+00  0.0000000E+00  0.0000000E+00
78  9.5811984E-01  0.0000000E+00  2.7939100E-01  4.7736100E-01  0.0000000E+00  5.2292100E-02  1.0112000E-01  1.2745000E-03  1.5753000E-03  0.0000000E+00  1.2185000E-02  2.3772000E-02  3.2348100E-04  3.9852100E-04  0.0000000E+00  0.0000000E+00  0.0000000E+00  2.7985100E-03  5.5717100E-03  2.5922100E-05  3.0799100E-05  0.0000000E+00  0.0000000E+00  0.0000000E+00  0.0000000E+00  0.0000000E+00  0.0000000E+00  0.0000000E+00  0.0000000E+00  0.0000000E+00  0.0000000E+00  0.0000000E+00  0.0000000E+00  0.0000000E+00  0.0000000E+00  0.0000000E+00  0.0000000E+00  0.0000000E+00  0.0000000E+00
79  9.5899997E-01  0.0000000E+00  2.8009100E-01  4.7657100E-01  0.0000000E+00  5.2420200E-02  1.0143000E-01  1.3151000E-03  1.6169000E-03  0.0000000E+00  1.2291000E-02  2.4016100E-02  3.3775100E-04  4.1417100E-04  0.0000000E+00  0.0000000E+00  0.0000000E+00  2.8306100E-03  5.5967200E-03  3.1661100E-05  3.7753100E-05  0.0000000E+00  0.0000000E+00  0.0000000E+00  0.0000000E+00  0.0000000E+00  0.0000000E+00  0.0000000E+00  0.0000000E+00  0.0000000E+00  0.0000000E+00  0.0000000E+00  0.0000000E+00  0.0000000E+00  0.0000000E+00  0.0000000E+00  0.0000000E+00  0.0000000E+00  0.0000000E+00
80  9.5982034E-01  0.0000000E+00  2.8073100E-01  4.7579100E-01  0.0000000E+00  5.2559100E-02  1.0172000E-01  1.3561000E-03  1.6588000E-03  0.0000000E+00  1.2390000E-02  2.4265100E-02  3.5239100E-04  4.3014100E-04  0.0000000E+00  0.0000000E+00  0.0000000E+00  2.8628100E-03  5.6219100E-03  3.7592100E-05  4.4398100E-05  0.0000000E+00  0.0000000E+00  0.0000000E+00  0.0000000E+00  0.0000000E+00  0.0000000E+00  0.0000000E+00  0.0000000E+00  0.0000000E+00  0.0000000E+00  0.0000000E+00  0.0000000E+00  0.0000000E+00  0.0000000E+00  0.0000000E+00  0.0000000E+00  0.0000000E+00  0.0000000E+00
81  9.6059052E-01  0.0000000E+00  2.8146900E-01  4.7484900E-01  0.0000000E+00  5.2683900E-02  1.0199000E-01  1.3975000E-03  1.7004000E-03  0.0000000E+00  1.2489000E-02  2.4501900E-02  3.6735900E-04  4.4617900E-04  0.0000000E+00  0.0000000E+00  0.0000000E+00  2.8949900E-03  5.6467900E-03  4.3557900E-05  5.1400900E-05  0.0000000E+00  0.0000000E+00  0.0000000E+00  0.0000000E+00  0.0000000E+00  2.4570900E-05  3.4970900E-05  0.0000000E+00  0.0000000E+00  0.0000000E+00  0.0000000E+00  0.0000000E+00  0.0000000E+00  0.0000000E+00  0.0000000E+00  0.0000000E+00  0.0000000E+00  0.0000000E+00
82  9.6131086E-01  0.0000000E+00  2.8215900E-01  4.7388800E-01  0.0000000E+00  5.2788800E-02  1.0225000E-01  1.4389900E-03  1.7415900E-03  0.0000000E+00  1.2588900E-02  2.4737900E-02  3.8255800E-04  4.6229800E-04  0.0000000E+00  0.0000000E+00  0.0000000E+00  2.9271900E-03  5.6715800E-03  4.9563800E-05  5.7914800E-05  0.0000000E+00  0.0000000E+00  0.0000000E+00  0.0000000E+00  0.0000000E+00  6.5745700E-05  1.0083000E-04  0.0000000E+00  0.0000000E+00  0.0000000E+00  0.0000000E+00  0.0000000E+00  0.0000000E+00  0.0000000E+00  0.0000000E+00  0.0000000E+00  0.0000000E+00  0.0000000E+00
83  9.6197927E-01  0.0000000E+00  2.8281000E-01  4.7291000E-01  0.0000000E+00  5.2882000E-02  1.0249000E-01  1.4803000E-03  1.7820000E-03  0.0000000E+00  1.2680000E-02  2.4980000E-02  3.9803000E-04  4.7858000E-04  0.0000000E+00  0.0000000E+00  0.0000000E+00  2.9594000E-03  5.6962100E-03  5.5428100E-05  6.5158100E-05  0.0000000E+00  0.0000000E+00  0.0000000E+00  0.0000000E+00  0.0000000E+00  1.1986000E-04  1.9230000E-04  0.0000000E+00  0.0000000E+00  0.0000000E+00  0.0000000E+00  0.0000000E+00  0.0000000E+00  0.0000000E+00  0.0000000E+00  0.0000000E+00  0.0000000E+00  0.0000000E+00
84  9.6262086E-01  0.0000000E+00  2.8344900E-01  4.7183800E-01  0.0000000E+00  5.2962800E-02  1.0277000E-01  1.5223900E-03  1.8217900E-03  0.0000000E+00  1.2769900E-02  2.5207900E-02  4.1385800E-04  4.9496800E-04  0.0000000E+00  0.0000000E+00  0.0000000E+00  2.9913900E-03  5.7531700E-03  6.1415700E-05  7.2122700E-05  0.0000000E+00  0.0000000E+00  0.0000000E+00  0.0000000E+00  0.0000000E+00  1.8577900E-04  3.0637900E-04  0.0000000E+00  0.0000000E+00  0.0000000E+00  0.0000000E+00  0.0000000E+00  0.0000000E+00  0.0000000E+00  0.0000000E+00  0.0000000E+00  0.0000000E+00  0.0000000E+00
85  9.6321910E-01  0.0000000E+00  2.8413000E-01  4.7078000E-01  0.0000000E+00  5.3045000E-02  1.0292000E-01  1.5639000E-03  1.8617000E-03  0.0000000E+00  1.2850000E-02  2.5442000E-02  4.2992000E-04  5.1155000E-04  0.0000000E+00  0.0000000E+00  0.0000000E+00  3.0233000E-03  5.8100000E-03  6.7556100E-05  7.9109100E-05  0.0000000E+00  0.0000000E+00  0.0000000E+00  0.0000000E+00  0.0000000E+00  2.6321000E-04  4.4185000E-04  0.0000000E+00  0.0000000E+00  0.0000000E+00  0.0000000E+00  0.0000000E+00  0.0000000E+00  0.0000000E+00  0.0000000E+00  0.0000000E+00  0.0000000E+00  0.0000000E+00
86  9.6380029E-01  0.0000000E+00  2.8482800E-01  4.6958700E-01  0.0000000E+00  5.3104600E-02  1.0316900E-01  1.6061900E-03  1.9012900E-03  0.0000000E+00  1.2930900E-02  2.5667800E-02  4.4618700E-04  5.2813600E-04  0.0000000E+00  0.0000000E+00  0.0000000E+00  3.0552800E-03  5.8666600E-03  7.3811500E-05  8.6167400E-05  0.0000000E+00  0.0000000E+00  0.0000000E+00  0.0000000E+00  0.0000000E+00  3.5165800E-04  5.9760600E-04  0.0000000E+00  0.0000000E+00  0.0000000E+00  0.0000000E+00  0.0000000E+00  0.0000000E+00  0.0000000E+00  0.0000000E+00  0.0000000E+00  0.0000000E+00  0.0000000E+00
87  9.1407222E-01  0.0000000E+00  2.8548100E-01  4.6850200E-01  0.0000000E+00  5.3169200E-02  1.0333000E-01  1.6494100E-03  1.9406100E-03  0.0000000E+00  0.0000000E+00  0.0000000E+00  0.0000000E+00  0.0000000E+00  0.0000000E+00  0.0000000E+00  0.0000000E+00  0.0000000E+00  0.0000000E+00  0.0000000E+00  0.0000000E+00  0.0000000E+00  0.0000000E+00  0.0000000E+00  0.0000000E+00  0.0000000E+00  0.0000000E+00  0.0000000E+00  0.0000000E+00  0.0000000E+00  0.0000000E+00  0.0000000E+00  0.0000000E+00  0.0000000E+00  0.0000000E+00  0.0000000E+00  0.0000000E+00  0.0000000E+00  0.0000000E+00
88  8.0668670E-01  0.0000000E+00  2.8614800E-01  4.6731700E-01  0.0000000E+00  5.3221700E-02  0.0000000E+00  0.0000000E+00  0.0000000E+00  0.0000000E+00  0.0000000E+00  0.0000000E+00  0.0000000E+00  0.0000000E+00  0.0000000E+00  0.0000000E+00  0.0000000E+00  0.0000000E+00  0.0000000E+00  0.0000000E+00  0.0000000E+00  0.0000000E+00  0.0000000E+00  0.0000000E+00  0.0000000E+00  0.0000000E+00  0.0000000E+00  0.0000000E+00  0.0000000E+00  0.0000000E+00  0.0000000E+00  0.0000000E+00  0.0000000E+00  0.0000000E+00  0.0000000E+00  0.0000000E+00  0.0000000E+00  0.0000000E+00  0.0000000E+00
89  7.5310500E-01  0.0000000E+00  2.8689800E-01  4.6620700E-01  0.0000000E+00  0.0000000E+00  0.0000000E+00  0.0000000E+00  0.0000000E+00  0.0000000E+00  0.0000000E+00  0.0000000E+00  0.0000000E+00  0.0000000E+00  0.0000000E+00  0.0000000E+00  0.0000000E+00  0.0000000E+00  0.0000000E+00  0.0000000E+00  0.0000000E+00  0.0000000E+00  0.0000000E+00  0.0000000E+00  0.0000000E+00  0.0000000E+00  0.0000000E+00  0.0000000E+00  0.0000000E+00  0.0000000E+00  0.0000000E+00  0.0000000E+00  0.0000000E+00  0.0000000E+00  0.0000000E+00  0.0000000E+00  0.0000000E+00  0.0000000E+00  0.0000000E+00
90  7.5269000E-01  0.0000000E+00  2.8767000E-01  4.6502000E-01  0.0000000E+00  0.0000000E+00  0.0000000E+00  0.0000000E+00  0.0000000E+00  0.0000000E+00  0.0000000E+00  0.0000000E+00  0.0000000E+00  0.0000000E+00  0.0000000E+00  0.0000000E+00  0.0000000E+00  0.0000000E+00  0.0000000E+00  0.0000000E+00  0.0000000E+00  0.0000000E+00  0.0000000E+00  0.0000000E+00  0.0000000E+00  0.0000000E+00  0.0000000E+00  0.0000000E+00  0.0000000E+00  0.0000000E+00  0.0000000E+00  0.0000000E+00  0.0000000E+00  0.0000000E+00  0.0000000E+00  0.0000000E+00  0.0000000E+00  0.0000000E+00  0.0000000E+00
91  7.5235800E-01  0.0000000E+00  2.8843900E-01  4.6391900E-01  0.0000000E+00  0.0000000E+00  0.0000000E+00  0.0000000E+00  0.0000000E+00  0.0000000E+00  0.0000000E+00  0.0000000E+00  0.0000000E+00  0.0000000E+00  0.0000000E+00  0.0000000E+00  0.0000000E+00  0.0000000E+00  0.0000000E+00  0.0000000E+00  0.0000000E+00  0.0000000E+00  0.0000000E+00  0.0000000E+00  0.0000000E+00  0.0000000E+00  0.0000000E+00  0.0000000E+00  0.0000000E+00  0.0000000E+00  0.0000000E+00  0.0000000E+00  0.0000000E+00  0.0000000E+00  0.0000000E+00  0.0000000E+00  0.0000000E+00  0.0000000E+00  0.0000000E+00
92  7.5207200E-01  0.0000000E+00  2.8926100E-01  4.6281100E-01  0.0000000E+00  0.0000000E+00  0.0000000E+00  0.0000000E+00  0.0000000E+00  0.0000000E+00  0.0000000E+00  0.0000000E+00  0.0000000E+00  0.0000000E+00  0.0000000E+00  0.0000000E+00  0.0000000E+00  0.0000000E+00  0.0000000E+00  0.0000000E+00  0.0000000E+00  0.0000000E+00  0.0000000E+00  0.0000000E+00  0.0000000E+00  0.0000000E+00  0.0000000E+00  0.0000000E+00  0.0000000E+00  0.0000000E+00  0.0000000E+00  0.0000000E+00  0.0000000E+00  0.0000000E+00  0.0000000E+00  0.0000000E+00  0.0000000E+00  0.0000000E+00  0.0000000E+00
93  2.9015200E-01  0.0000000E+00  2.9015200E-01  0.0000000E+00  0.0000000E+00  0.0000000E+00  0.0000000E+00  0.0000000E+00  0.0000000E+00  0.0000000E+00  0.0000000E+00  0.0000000E+00  0.0000000E+00  0.0000000E+00  0.0000000E+00  0.0000000E+00  0.0000000E+00  0.0000000E+00  0.0000000E+00  0.0000000E+00  0.0000000E+00  0.0000000E+00  0.0000000E+00  0.0000000E+00  0.0000000E+00  0.0000000E+00  0.0000000E+00  0.0000000E+00  0.0000000E+00  0.0000000E+00  0.0000000E+00  0.0000000E+00  0.0000000E+00  0.0000000E+00  0.0000000E+00  0.0000000E+00  0.0000000E+00  0.0000000E+00  0.0000000E+00
94  2.9099800E-01  0.0000000E+00  2.9099800E-01  0.0000000E+00  0.0000000E+00  0.0000000E+00  0.0000000E+00  0.0000000E+00  0.0000000E+00  0.0000000E+00  0.0000000E+00  0.0000000E+00  0.0000000E+00  0.0000000E+00  0.0000000E+00  0.0000000E+00  0.0000000E+00  0.0000000E+00  0.0000000E+00  0.0000000E+00  0.0000000E+00  0.0000000E+00  0.0000000E+00  0.0000000E+00  0.0000000E+00  0.0000000E+00  0.0000000E+00  0.0000000E+00  0.0000000E+00  0.0000000E+00  0.0000000E+00  0.0000000E+00  0.0000000E+00  0.0000000E+00  0.0000000E+00  0.0000000E+00  0.0000000E+00  0.0000000E+00  0.0000000E+00
95  2.9194100E-01  0.0000000E+00  2.9194100E-01  0.0000000E+00  0.0000000E+00  0.0000000E+00  0.0000000E+00  0.0000000E+00  0.0000000E+00  0.0000000E+00  0.0000000E+00  0.0000000E+00  0.0000000E+00  0.0000000E+00  0.0000000E+00  0.0000000E+00  0.0000000E+00  0.0000000E+00  0.0000000E+00  0.0000000E+00  0.0000000E+00  0.0000000E+00  0.0000000E+00  0.0000000E+00  0.0000000E+00  0.0000000E+00  0.0000000E+00  0.0000000E+00  0.0000000E+00  0.0000000E+00  0.0000000E+00  0.0000000E+00  0.0000000E+00  0.0000000E+00  0.0000000E+00  0.0000000E+00  0.0000000E+00  0.0000000E+00  0.0000000E+00
96  2.9290200E-01  0.0000000E+00  2.9290200E-01  0.0000000E+00  0.0000000E+00  0.0000000E+00  0.0000000E+00  0.0000000E+00  0.0000000E+00  0.0000000E+00  0.0000000E+00  0.0000000E+00  0.0000000E+00  0.0000000E+00  0.0000000E+00  0.0000000E+00  0.0000000E+00  0.0000000E+00  0.0000000E+00  0.0000000E+00  0.0000000E+00  0.0000000E+00  0.0000000E+00  0.0000000E+00  0.0000000E+00  0.0000000E+00  0.0000000E+00  0.0000000E+00  0.0000000E+00  0.0000000E+00  0.0000000E+00  0.0000000E+00  0.0000000E+00  0.0000000E+00  0.0000000E+00  0.0000000E+00  0.0000000E+00  0.0000000E+00  0.0000000E+00
97  2.9409900E-01  0.0000000E+00  2.9409900E-01  0.0000000E+00  0.0000000E+00  0.0000000E+00  0.0000000E+00  0.0000000E+00  0.0000000E+00  0.0000000E+00  0.0000000E+00  0.0000000E+00  0.0000000E+00  0.0000000E+00  0.0000000E+00  0.0000000E+00  0.0000000E+00  0.0000000E+00  0.0000000E+00  0.0000000E+00  0.0000000E+00  0.0000000E+00  0.0000000E+00  0.0000000E+00  0.0000000E+00  0.0000000E+00  0.0000000E+00  0.0000000E+00  0.0000000E+00  0.0000000E+00  0.0000000E+00  0.0000000E+00  0.0000000E+00  0.0000000E+00  0.0000000E+00  0.0000000E+00  0.0000000E+00  0.0000000E+00  0.0000000E+00
98  2.9494900E-01  0.0000000E+00  2.9494900E-01  0.0000000E+00  0.0000000E+00  0.0000000E+00  0.0000000E+00  0.0000000E+00  0.0000000E+00  0.0000000E+00  0.0000000E+00  0.0000000E+00  0.0000000E+00  0.0000000E+00  0.0000000E+00  0.0000000E+00  0.0000000E+00  0.0000000E+00  0.0000000E+00  0.0000000E+00  0.0000000E+00  0.0000000E+00  0.0000000E+00  0.0000000E+00  0.0000000E+00  0.0000000E+00  0.0000000E+00  0.0000000E+00  0.0000000E+00  0.0000000E+00  0.0000000E+00  0.0000000E+00  0.0000000E+00  0.0000000E+00  0.0000000E+00  0.0000000E+00  0.0000000E+00  0.0000000E+00  0.0000000E+00
99  2.9614900E-01  0.0000000E+00  2.9614900E-01  0.0000000E+00  0.0000000E+00  0.0000000E+00  0.0000000E+00  0.0000000E+00  0.0000000E+00  0.0000000E+00  0.0000000E+00  0.0000000E+00  0.0000000E+00  0.0000000E+00  0.0000000E+00  0.0000000E+00  0.0000000E+00  0.0000000E+00  0.0000000E+00  0.0000000E+00  0.0000000E+00  0.0000000E+00  0.0000000E+00  0.0000000E+00  0.0000000E+00  0.0000000E+00  0.0000000E+00  0.0000000E+00  0.0000000E+00  0.0000000E+00  0.0000000E+00  0.0000000E+00  0.0000000E+00  0.0000000E+00  0.0000000E+00  0.0000000E+00  0.0000000E+00  0.0000000E+00  0.0000000E+00
100  2.9705800E-01  0.0000000E+00  2.9705800E-01  0.0000000E+00  0.0000000E+00  0.0000000E+00  0.0000000E+00  0.0000000E+00  0.0000000E+00  0.0000000E+00  0.0000000E+00  0.0000000E+00  0.0000000E+00  0.0000000E+00  0.0000000E+00  0.0000000E+00  0.0000000E+00  0.0000000E+00  0.0000000E+00  0.0000000E+00  0.0000000E+00  0.0000000E+00  0.0000000E+00  0.0000000E+00  0.0000000E+00  0.0000000E+00  0.0000000E+00  0.0000000E+00  0.0000000E+00  0.0000000E+00  0.0000000E+00  0.0000000E+00  0.0000000E+00  0.0000000E+00  0.0000000E+00  0.0000000E+00  0.0000000E+00  0.0000000E+00  0.0000000E+00

