#F EADL97_KShellNonradiativeRates.dat
#U00 This file is a conversion to specfile format of 
#U01 directly extracted EADL97 nonradiative transition probabilities.
#U02 EADL itself can be found at:
#U03           http://www-nds.iaea.org/epdl97/libsall.htm
#U04 The code used to generate this file has been:
#U05 GenerateEADLShellNonradiativeRates.py
#U06

#S 1 K-Shell nonradiative rates
#N 66
#L Z  TOTAL  K-L1L1  K-L1L2  K-L1L3  K-L1M1  K-L1M2  K-L1M3  K-L1M4  K-L1M5  K-L2L1  K-L2L2  K-L2L3  K-L2M1  K-L2M2  K-L2M3  K-L2M4  K-L2M5  K-L3L1  K-L3L2  K-L3L3  K-L3M1  K-L3M2  K-L3M3  K-L3M4  K-L3M5  K-M1L1  K-M1L2  K-M1L3  K-M1M1  K-M1M2  K-M1M3  K-M1M4  K-M1M5  K-M2L1  K-M2L2  K-M2L3  K-M2M1  K-M2M2  K-M2M3  K-M2M4  K-M2M5  K-M3L1  K-M3L2  K-M3L3  K-M3M1  K-M3M2  K-M3M3  K-M3M4  K-M3M5  K-M4L1  K-M4L2  K-M4L3  K-M4M1  K-M4M2  K-M4M3  K-M4M4  K-M4M5  K-M5L1  K-M5L2  K-M5L3  K-M5M1  K-M5M2  K-M5M3  K-M5M4  K-M5M5
1  0.0000000E+00  0.0000000E+00  0.0000000E+00  0.0000000E+00  0.0000000E+00  0.0000000E+00  0.0000000E+00  0.0000000E+00  0.0000000E+00  0.0000000E+00  0.0000000E+00  0.0000000E+00  0.0000000E+00  0.0000000E+00  0.0000000E+00  0.0000000E+00  0.0000000E+00  0.0000000E+00  0.0000000E+00  0.0000000E+00  0.0000000E+00  0.0000000E+00  0.0000000E+00  0.0000000E+00  0.0000000E+00  0.0000000E+00  0.0000000E+00  0.0000000E+00  0.0000000E+00  0.0000000E+00  0.0000000E+00  0.0000000E+00  0.0000000E+00  0.0000000E+00  0.0000000E+00  0.0000000E+00  0.0000000E+00  0.0000000E+00  0.0000000E+00  0.0000000E+00  0.0000000E+00  0.0000000E+00  0.0000000E+00  0.0000000E+00  0.0000000E+00  0.0000000E+00  0.0000000E+00  0.0000000E+00  0.0000000E+00  0.0000000E+00  0.0000000E+00  0.0000000E+00  0.0000000E+00  0.0000000E+00  0.0000000E+00  0.0000000E+00  0.0000000E+00  0.0000000E+00  0.0000000E+00  0.0000000E+00  0.0000000E+00  0.0000000E+00  0.0000000E+00  0.0000000E+00  0.0000000E+00
2  0.0000000E+00  0.0000000E+00  0.0000000E+00  0.0000000E+00  0.0000000E+00  0.0000000E+00  0.0000000E+00  0.0000000E+00  0.0000000E+00  0.0000000E+00  0.0000000E+00  0.0000000E+00  0.0000000E+00  0.0000000E+00  0.0000000E+00  0.0000000E+00  0.0000000E+00  0.0000000E+00  0.0000000E+00  0.0000000E+00  0.0000000E+00  0.0000000E+00  0.0000000E+00  0.0000000E+00  0.0000000E+00  0.0000000E+00  0.0000000E+00  0.0000000E+00  0.0000000E+00  0.0000000E+00  0.0000000E+00  0.0000000E+00  0.0000000E+00  0.0000000E+00  0.0000000E+00  0.0000000E+00  0.0000000E+00  0.0000000E+00  0.0000000E+00  0.0000000E+00  0.0000000E+00  0.0000000E+00  0.0000000E+00  0.0000000E+00  0.0000000E+00  0.0000000E+00  0.0000000E+00  0.0000000E+00  0.0000000E+00  0.0000000E+00  0.0000000E+00  0.0000000E+00  0.0000000E+00  0.0000000E+00  0.0000000E+00  0.0000000E+00  0.0000000E+00  0.0000000E+00  0.0000000E+00  0.0000000E+00  0.0000000E+00  0.0000000E+00  0.0000000E+00  0.0000000E+00  0.0000000E+00
3  0.0000000E+00  0.0000000E+00  0.0000000E+00  0.0000000E+00  0.0000000E+00  0.0000000E+00  0.0000000E+00  0.0000000E+00  0.0000000E+00  0.0000000E+00  0.0000000E+00  0.0000000E+00  0.0000000E+00  0.0000000E+00  0.0000000E+00  0.0000000E+00  0.0000000E+00  0.0000000E+00  0.0000000E+00  0.0000000E+00  0.0000000E+00  0.0000000E+00  0.0000000E+00  0.0000000E+00  0.0000000E+00  0.0000000E+00  0.0000000E+00  0.0000000E+00  0.0000000E+00  0.0000000E+00  0.0000000E+00  0.0000000E+00  0.0000000E+00  0.0000000E+00  0.0000000E+00  0.0000000E+00  0.0000000E+00  0.0000000E+00  0.0000000E+00  0.0000000E+00  0.0000000E+00  0.0000000E+00  0.0000000E+00  0.0000000E+00  0.0000000E+00  0.0000000E+00  0.0000000E+00  0.0000000E+00  0.0000000E+00  0.0000000E+00  0.0000000E+00  0.0000000E+00  0.0000000E+00  0.0000000E+00  0.0000000E+00  0.0000000E+00  0.0000000E+00  0.0000000E+00  0.0000000E+00  0.0000000E+00  0.0000000E+00  0.0000000E+00  0.0000000E+00  0.0000000E+00  0.0000000E+00
4  0.0000000E+00  0.0000000E+00  0.0000000E+00  0.0000000E+00  0.0000000E+00  0.0000000E+00  0.0000000E+00  0.0000000E+00  0.0000000E+00  0.0000000E+00  0.0000000E+00  0.0000000E+00  0.0000000E+00  0.0000000E+00  0.0000000E+00  0.0000000E+00  0.0000000E+00  0.0000000E+00  0.0000000E+00  0.0000000E+00  0.0000000E+00  0.0000000E+00  0.0000000E+00  0.0000000E+00  0.0000000E+00  0.0000000E+00  0.0000000E+00  0.0000000E+00  0.0000000E+00  0.0000000E+00  0.0000000E+00  0.0000000E+00  0.0000000E+00  0.0000000E+00  0.0000000E+00  0.0000000E+00  0.0000000E+00  0.0000000E+00  0.0000000E+00  0.0000000E+00  0.0000000E+00  0.0000000E+00  0.0000000E+00  0.0000000E+00  0.0000000E+00  0.0000000E+00  0.0000000E+00  0.0000000E+00  0.0000000E+00  0.0000000E+00  0.0000000E+00  0.0000000E+00  0.0000000E+00  0.0000000E+00  0.0000000E+00  0.0000000E+00  0.0000000E+00  0.0000000E+00  0.0000000E+00  0.0000000E+00  0.0000000E+00  0.0000000E+00  0.0000000E+00  0.0000000E+00  0.0000000E+00
5  0.0000000E+00  0.0000000E+00  0.0000000E+00  0.0000000E+00  0.0000000E+00  0.0000000E+00  0.0000000E+00  0.0000000E+00  0.0000000E+00  0.0000000E+00  0.0000000E+00  0.0000000E+00  0.0000000E+00  0.0000000E+00  0.0000000E+00  0.0000000E+00  0.0000000E+00  0.0000000E+00  0.0000000E+00  0.0000000E+00  0.0000000E+00  0.0000000E+00  0.0000000E+00  0.0000000E+00  0.0000000E+00  0.0000000E+00  0.0000000E+00  0.0000000E+00  0.0000000E+00  0.0000000E+00  0.0000000E+00  0.0000000E+00  0.0000000E+00  0.0000000E+00  0.0000000E+00  0.0000000E+00  0.0000000E+00  0.0000000E+00  0.0000000E+00  0.0000000E+00  0.0000000E+00  0.0000000E+00  0.0000000E+00  0.0000000E+00  0.0000000E+00  0.0000000E+00  0.0000000E+00  0.0000000E+00  0.0000000E+00  0.0000000E+00  0.0000000E+00  0.0000000E+00  0.0000000E+00  0.0000000E+00  0.0000000E+00  0.0000000E+00  0.0000000E+00  0.0000000E+00  0.0000000E+00  0.0000000E+00  0.0000000E+00  0.0000000E+00  0.0000000E+00  0.0000000E+00  0.0000000E+00
6  9.9831828E-01  4.1360900E-01  1.3619000E-01  2.7109900E-01  0.0000000E+00  0.0000000E+00  0.0000000E+00  0.0000000E+00  0.0000000E+00  0.0000000E+00  4.2074800E-03  1.1001200E-01  0.0000000E+00  0.0000000E+00  0.0000000E+00  0.0000000E+00  0.0000000E+00  0.0000000E+00  0.0000000E+00  6.3200800E-02  0.0000000E+00  0.0000000E+00  0.0000000E+00  0.0000000E+00  0.0000000E+00  0.0000000E+00  0.0000000E+00  0.0000000E+00  0.0000000E+00  0.0000000E+00  0.0000000E+00  0.0000000E+00  0.0000000E+00  0.0000000E+00  0.0000000E+00  0.0000000E+00  0.0000000E+00  0.0000000E+00  0.0000000E+00  0.0000000E+00  0.0000000E+00  0.0000000E+00  0.0000000E+00  0.0000000E+00  0.0000000E+00  0.0000000E+00  0.0000000E+00  0.0000000E+00  0.0000000E+00  0.0000000E+00  0.0000000E+00  0.0000000E+00  0.0000000E+00  0.0000000E+00  0.0000000E+00  0.0000000E+00  0.0000000E+00  0.0000000E+00  0.0000000E+00  0.0000000E+00  0.0000000E+00  0.0000000E+00  0.0000000E+00  0.0000000E+00  0.0000000E+00
7  9.9672343E-01  2.6538800E-01  1.2999900E-01  2.5827600E-01  0.0000000E+00  0.0000000E+00  0.0000000E+00  0.0000000E+00  0.0000000E+00  0.0000000E+00  8.1594300E-03  2.1271100E-01  0.0000000E+00  0.0000000E+00  0.0000000E+00  0.0000000E+00  0.0000000E+00  0.0000000E+00  0.0000000E+00  1.2219000E-01  0.0000000E+00  0.0000000E+00  0.0000000E+00  0.0000000E+00  0.0000000E+00  0.0000000E+00  0.0000000E+00  0.0000000E+00  0.0000000E+00  0.0000000E+00  0.0000000E+00  0.0000000E+00  0.0000000E+00  0.0000000E+00  0.0000000E+00  0.0000000E+00  0.0000000E+00  0.0000000E+00  0.0000000E+00  0.0000000E+00  0.0000000E+00  0.0000000E+00  0.0000000E+00  0.0000000E+00  0.0000000E+00  0.0000000E+00  0.0000000E+00  0.0000000E+00  0.0000000E+00  0.0000000E+00  0.0000000E+00  0.0000000E+00  0.0000000E+00  0.0000000E+00  0.0000000E+00  0.0000000E+00  0.0000000E+00  0.0000000E+00  0.0000000E+00  0.0000000E+00  0.0000000E+00  0.0000000E+00  0.0000000E+00  0.0000000E+00  0.0000000E+00
8  9.9429220E-01  1.7864400E-01  1.1622400E-01  2.3041800E-01  0.0000000E+00  0.0000000E+00  0.0000000E+00  0.0000000E+00  0.0000000E+00  0.0000000E+00  1.1082200E-02  2.9111500E-01  0.0000000E+00  0.0000000E+00  0.0000000E+00  0.0000000E+00  0.0000000E+00  0.0000000E+00  0.0000000E+00  1.6680900E-01  0.0000000E+00  0.0000000E+00  0.0000000E+00  0.0000000E+00  0.0000000E+00  0.0000000E+00  0.0000000E+00  0.0000000E+00  0.0000000E+00  0.0000000E+00  0.0000000E+00  0.0000000E+00  0.0000000E+00  0.0000000E+00  0.0000000E+00  0.0000000E+00  0.0000000E+00  0.0000000E+00  0.0000000E+00  0.0000000E+00  0.0000000E+00  0.0000000E+00  0.0000000E+00  0.0000000E+00  0.0000000E+00  0.0000000E+00  0.0000000E+00  0.0000000E+00  0.0000000E+00  0.0000000E+00  0.0000000E+00  0.0000000E+00  0.0000000E+00  0.0000000E+00  0.0000000E+00  0.0000000E+00  0.0000000E+00  0.0000000E+00  0.0000000E+00  0.0000000E+00  0.0000000E+00  0.0000000E+00  0.0000000E+00  0.0000000E+00  0.0000000E+00
9  9.9082330E-01  1.2597000E-01  1.0300000E-01  2.0365100E-01  0.0000000E+00  0.0000000E+00  0.0000000E+00  0.0000000E+00  0.0000000E+00  0.0000000E+00  1.3090300E-02  3.4690100E-01  0.0000000E+00  0.0000000E+00  0.0000000E+00  0.0000000E+00  0.0000000E+00  0.0000000E+00  0.0000000E+00  1.9821100E-01  0.0000000E+00  0.0000000E+00  0.0000000E+00  0.0000000E+00  0.0000000E+00  0.0000000E+00  0.0000000E+00  0.0000000E+00  0.0000000E+00  0.0000000E+00  0.0000000E+00  0.0000000E+00  0.0000000E+00  0.0000000E+00  0.0000000E+00  0.0000000E+00  0.0000000E+00  0.0000000E+00  0.0000000E+00  0.0000000E+00  0.0000000E+00  0.0000000E+00  0.0000000E+00  0.0000000E+00  0.0000000E+00  0.0000000E+00  0.0000000E+00  0.0000000E+00  0.0000000E+00  0.0000000E+00  0.0000000E+00  0.0000000E+00  0.0000000E+00  0.0000000E+00  0.0000000E+00  0.0000000E+00  0.0000000E+00  0.0000000E+00  0.0000000E+00  0.0000000E+00  0.0000000E+00  0.0000000E+00  0.0000000E+00  0.0000000E+00  0.0000000E+00
10  9.8612690E-01  9.3058400E-02  9.2102400E-02  1.8157800E-01  0.0000000E+00  0.0000000E+00  0.0000000E+00  0.0000000E+00  0.0000000E+00  0.0000000E+00  1.4568100E-02  3.8513100E-01  0.0000000E+00  0.0000000E+00  0.0000000E+00  0.0000000E+00  0.0000000E+00  0.0000000E+00  0.0000000E+00  2.1968900E-01  0.0000000E+00  0.0000000E+00  0.0000000E+00  0.0000000E+00  0.0000000E+00  0.0000000E+00  0.0000000E+00  0.0000000E+00  0.0000000E+00  0.0000000E+00  0.0000000E+00  0.0000000E+00  0.0000000E+00  0.0000000E+00  0.0000000E+00  0.0000000E+00  0.0000000E+00  0.0000000E+00  0.0000000E+00  0.0000000E+00  0.0000000E+00  0.0000000E+00  0.0000000E+00  0.0000000E+00  0.0000000E+00  0.0000000E+00  0.0000000E+00  0.0000000E+00  0.0000000E+00  0.0000000E+00  0.0000000E+00  0.0000000E+00  0.0000000E+00  0.0000000E+00  0.0000000E+00  0.0000000E+00  0.0000000E+00  0.0000000E+00  0.0000000E+00  0.0000000E+00  0.0000000E+00  0.0000000E+00  0.0000000E+00  0.0000000E+00  0.0000000E+00
11  9.8001454E-01  8.7055200E-02  8.9002100E-02  1.7505200E-01  5.7382500E-03  0.0000000E+00  0.0000000E+00  0.0000000E+00  0.0000000E+00  0.0000000E+00  1.4629600E-02  3.8236900E-01  2.6993200E-03  0.0000000E+00  0.0000000E+00  0.0000000E+00  0.0000000E+00  0.0000000E+00  0.0000000E+00  2.1816500E-01  5.3040700E-03  0.0000000E+00  0.0000000E+00  0.0000000E+00  0.0000000E+00  0.0000000E+00  0.0000000E+00  0.0000000E+00  0.0000000E+00  0.0000000E+00  0.0000000E+00  0.0000000E+00  0.0000000E+00  0.0000000E+00  0.0000000E+00  0.0000000E+00  0.0000000E+00  0.0000000E+00  0.0000000E+00  0.0000000E+00  0.0000000E+00  0.0000000E+00  0.0000000E+00  0.0000000E+00  0.0000000E+00  0.0000000E+00  0.0000000E+00  0.0000000E+00  0.0000000E+00  0.0000000E+00  0.0000000E+00  0.0000000E+00  0.0000000E+00  0.0000000E+00  0.0000000E+00  0.0000000E+00  0.0000000E+00  0.0000000E+00  0.0000000E+00  0.0000000E+00  0.0000000E+00  0.0000000E+00  0.0000000E+00  0.0000000E+00  0.0000000E+00
12  9.7230741E-01  8.2314500E-02  8.6082100E-02  1.6883800E-01  1.2614300E-02  0.0000000E+00  0.0000000E+00  0.0000000E+00  0.0000000E+00  0.0000000E+00  1.4497500E-02  3.7550800E-01  5.9932300E-03  0.0000000E+00  0.0000000E+00  0.0000000E+00  0.0000000E+00  0.0000000E+00  0.0000000E+00  2.1421300E-01  1.1765700E-02  0.0000000E+00  0.0000000E+00  0.0000000E+00  0.0000000E+00  0.0000000E+00  0.0000000E+00  0.0000000E+00  4.8107800E-04  0.0000000E+00  0.0000000E+00  0.0000000E+00  0.0000000E+00  0.0000000E+00  0.0000000E+00  0.0000000E+00  0.0000000E+00  0.0000000E+00  0.0000000E+00  0.0000000E+00  0.0000000E+00  0.0000000E+00  0.0000000E+00  0.0000000E+00  0.0000000E+00  0.0000000E+00  0.0000000E+00  0.0000000E+00  0.0000000E+00  0.0000000E+00  0.0000000E+00  0.0000000E+00  0.0000000E+00  0.0000000E+00  0.0000000E+00  0.0000000E+00  0.0000000E+00  0.0000000E+00  0.0000000E+00  0.0000000E+00  0.0000000E+00  0.0000000E+00  0.0000000E+00  0.0000000E+00  0.0000000E+00
13  9.6285213E-01  7.8394400E-02  8.3218000E-02  1.6272500E-01  1.3588400E-02  8.9679400E-04  1.7648500E-03  0.0000000E+00  0.0000000E+00  0.0000000E+00  1.4292000E-02  3.6694200E-01  6.4929400E-03  3.0131800E-04  3.6588300E-03  0.0000000E+00  0.0000000E+00  0.0000000E+00  0.0000000E+00  2.0922600E-01  1.2706300E-02  3.6518900E-03  4.2042100E-03  0.0000000E+00  0.0000000E+00  0.0000000E+00  0.0000000E+00  0.0000000E+00  5.8113900E-04  7.1744000E-05  1.3631100E-04  0.0000000E+00  0.0000000E+00  0.0000000E+00  0.0000000E+00  0.0000000E+00  0.0000000E+00  0.0000000E+00  0.0000000E+00  0.0000000E+00  0.0000000E+00  0.0000000E+00  0.0000000E+00  0.0000000E+00  0.0000000E+00  0.0000000E+00  0.0000000E+00  0.0000000E+00  0.0000000E+00  0.0000000E+00  0.0000000E+00  0.0000000E+00  0.0000000E+00  0.0000000E+00  0.0000000E+00  0.0000000E+00  0.0000000E+00  0.0000000E+00  0.0000000E+00  0.0000000E+00  0.0000000E+00  0.0000000E+00  0.0000000E+00  0.0000000E+00  0.0000000E+00
14  9.5150181E-01  7.4795400E-02  8.0121400E-02  1.5613100E-01  1.4112400E-02  1.9558400E-03  3.8158500E-03  0.0000000E+00  0.0000000E+00  0.0000000E+00  1.3990500E-02  3.5640800E-01  6.7623100E-03  6.6473200E-04  7.9767500E-03  0.0000000E+00  0.0000000E+00  0.0000000E+00  0.0000000E+00  2.0310400E-01  1.3198200E-02  7.9640700E-03  9.1654700E-03  0.0000000E+00  0.0000000E+00  0.0000000E+00  0.0000000E+00  0.0000000E+00  6.6474800E-04  1.6618500E-04  3.2597500E-04  0.0000000E+00  0.0000000E+00  0.0000000E+00  0.0000000E+00  0.0000000E+00  0.0000000E+00  6.3919900E-06  1.0866900E-04  0.0000000E+00  0.0000000E+00  0.0000000E+00  0.0000000E+00  0.0000000E+00  0.0000000E+00  0.0000000E+00  6.3918500E-05  0.0000000E+00  0.0000000E+00  0.0000000E+00  0.0000000E+00  0.0000000E+00  0.0000000E+00  0.0000000E+00  0.0000000E+00  0.0000000E+00  0.0000000E+00  0.0000000E+00  0.0000000E+00  0.0000000E+00  0.0000000E+00  0.0000000E+00  0.0000000E+00  0.0000000E+00  0.0000000E+00
15  9.3814980E-01  7.1284500E-02  7.7009000E-02  1.4953400E-01  1.4297100E-02  3.0927700E-03  6.0017000E-03  0.0000000E+00  0.0000000E+00  0.0000000E+00  1.3578900E-02  3.4446800E-01  6.8755200E-03  1.0520400E-03  1.2515200E-02  0.0000000E+00  0.0000000E+00  0.0000000E+00  0.0000000E+00  1.9605500E-01  1.3371300E-02  1.2504300E-02  1.4389200E-02  0.0000000E+00  0.0000000E+00  0.0000000E+00  0.0000000E+00  0.0000000E+00  7.1283300E-04  2.7593800E-04  5.3462600E-04  0.0000000E+00  0.0000000E+00  0.0000000E+00  0.0000000E+00  0.0000000E+00  0.0000000E+00  1.7245900E-05  3.6792300E-04  0.0000000E+00  0.0000000E+00  0.0000000E+00  0.0000000E+00  0.0000000E+00  0.0000000E+00  0.0000000E+00  2.1270000E-04  0.0000000E+00  0.0000000E+00  0.0000000E+00  0.0000000E+00  0.0000000E+00  0.0000000E+00  0.0000000E+00  0.0000000E+00  0.0000000E+00  0.0000000E+00  0.0000000E+00  0.0000000E+00  0.0000000E+00  0.0000000E+00  0.0000000E+00  0.0000000E+00  0.0000000E+00  0.0000000E+00
16  9.2270821E-01  6.7996100E-02  7.3968400E-02  1.4306900E-01  1.4281900E-02  4.2328300E-03  8.1742500E-03  0.0000000E+00  0.0000000E+00  0.0000000E+00  1.3147200E-02  3.3109900E-01  6.8621600E-03  1.4526600E-03  1.7061800E-02  0.0000000E+00  0.0000000E+00  0.0000000E+00  0.0000000E+00  1.8823600E-01  1.3286900E-02  1.7045700E-02  1.9602700E-02  0.0000000E+00  0.0000000E+00  0.0000000E+00  0.0000000E+00  0.0000000E+00  7.4454500E-04  3.9570300E-04  7.6016700E-04  0.0000000E+00  0.0000000E+00  0.0000000E+00  0.0000000E+00  0.0000000E+00  0.0000000E+00  3.6444500E-05  7.9659200E-04  0.0000000E+00  0.0000000E+00  0.0000000E+00  0.0000000E+00  0.0000000E+00  0.0000000E+00  0.0000000E+00  4.5816300E-04  0.0000000E+00  0.0000000E+00  0.0000000E+00  0.0000000E+00  0.0000000E+00  0.0000000E+00  0.0000000E+00  0.0000000E+00  0.0000000E+00  0.0000000E+00  0.0000000E+00  0.0000000E+00  0.0000000E+00  0.0000000E+00  0.0000000E+00  0.0000000E+00  0.0000000E+00  0.0000000E+00
17  9.0513061E-01  6.4745400E-02  7.0743000E-02  1.3624500E-01  1.4093000E-02  5.3445300E-03  1.0272100E-02  0.0000000E+00  0.0000000E+00  0.0000000E+00  1.2668500E-02  3.1721200E-01  6.7693000E-03  1.8414400E-03  2.1443200E-02  0.0000000E+00  0.0000000E+00  0.0000000E+00  0.0000000E+00  1.8010700E-01  1.3055000E-02  2.1440100E-02  2.4620700E-02  0.0000000E+00  0.0000000E+00  0.0000000E+00  0.0000000E+00  0.0000000E+00  7.5742900E-04  5.1127600E-04  9.8942100E-04  0.0000000E+00  0.0000000E+00  0.0000000E+00  0.0000000E+00  0.0000000E+00  0.0000000E+00  6.1538200E-05  1.4011800E-03  0.0000000E+00  0.0000000E+00  0.0000000E+00  0.0000000E+00  0.0000000E+00  0.0000000E+00  0.0000000E+00  8.0949900E-04  0.0000000E+00  0.0000000E+00  0.0000000E+00  0.0000000E+00  0.0000000E+00  0.0000000E+00  0.0000000E+00  0.0000000E+00  0.0000000E+00  0.0000000E+00  0.0000000E+00  0.0000000E+00  0.0000000E+00  0.0000000E+00  0.0000000E+00  0.0000000E+00  0.0000000E+00  0.0000000E+00
18  8.8541066E-01  6.1684400E-02  6.7598700E-02  1.2958600E-01  1.3782900E-02  6.3943600E-03  1.2222200E-02  0.0000000E+00  0.0000000E+00  0.0000000E+00  1.2148900E-02  3.0256100E-01  6.6146600E-03  2.2033800E-03  2.5500000E-02  0.0000000E+00  0.0000000E+00  0.0000000E+00  0.0000000E+00  1.7156300E-01  1.2706900E-02  2.5502600E-02  2.9245700E-02  0.0000000E+00  0.0000000E+00  0.0000000E+00  0.0000000E+00  0.0000000E+00  7.6471300E-04  6.2646900E-04  1.2010000E-03  0.0000000E+00  0.0000000E+00  0.0000000E+00  0.0000000E+00  0.0000000E+00  0.0000000E+00  9.9368500E-05  2.1601200E-03  0.0000000E+00  0.0000000E+00  0.0000000E+00  0.0000000E+00  0.0000000E+00  0.0000000E+00  0.0000000E+00  1.2442900E-03  0.0000000E+00  0.0000000E+00  0.0000000E+00  0.0000000E+00  0.0000000E+00  0.0000000E+00  0.0000000E+00  0.0000000E+00  0.0000000E+00  0.0000000E+00  0.0000000E+00  0.0000000E+00  0.0000000E+00  0.0000000E+00  0.0000000E+00  0.0000000E+00  0.0000000E+00  0.0000000E+00
19  8.6358066E-01  5.8963000E-02  6.4800900E-02  1.2362600E-01  1.4107000E-02  6.8927600E-03  1.3123300E-02  0.0000000E+00  0.0000000E+00  0.0000000E+00  1.1678800E-02  2.8964500E-01  6.7538600E-03  2.3808400E-03  2.7285100E-02  0.0000000E+00  0.0000000E+00  0.0000000E+00  0.0000000E+00  1.6393500E-01  1.2919900E-02  2.7261300E-02  3.1263700E-02  0.0000000E+00  0.0000000E+00  0.0000000E+00  0.0000000E+00  0.0000000E+00  8.3329500E-04  7.2218800E-04  1.3769800E-03  0.0000000E+00  0.0000000E+00  0.0000000E+00  0.0000000E+00  0.0000000E+00  0.0000000E+00  1.1904600E-04  2.5832300E-03  0.0000000E+00  0.0000000E+00  0.0000000E+00  0.0000000E+00  0.0000000E+00  0.0000000E+00  0.0000000E+00  1.4920400E-03  0.0000000E+00  0.0000000E+00  0.0000000E+00  0.0000000E+00  0.0000000E+00  0.0000000E+00  0.0000000E+00  0.0000000E+00  0.0000000E+00  0.0000000E+00  0.0000000E+00  0.0000000E+00  0.0000000E+00  0.0000000E+00  0.0000000E+00  0.0000000E+00  0.0000000E+00  0.0000000E+00
20  8.3972148E-01  5.6348500E-02  6.2053100E-02  1.1776200E-01  1.4282400E-02  7.2329000E-03  1.3703400E-02  0.0000000E+00  0.0000000E+00  0.0000000E+00  1.1222300E-02  2.7684100E-01  6.8275700E-03  2.4949800E-03  2.8428200E-02  0.0000000E+00  0.0000000E+00  0.0000000E+00  0.0000000E+00  1.5641600E-01  1.2993400E-02  2.8383900E-02  3.2541200E-02  0.0000000E+00  0.0000000E+00  0.0000000E+00  0.0000000E+00  0.0000000E+00  8.7217500E-04  7.7961600E-04  1.4773300E-03  0.0000000E+00  0.0000000E+00  0.0000000E+00  0.0000000E+00  0.0000000E+00  0.0000000E+00  1.3515700E-04  2.9334400E-03  0.0000000E+00  0.0000000E+00  0.0000000E+00  0.0000000E+00  0.0000000E+00  0.0000000E+00  0.0000000E+00  1.6949500E-03  0.0000000E+00  0.0000000E+00  0.0000000E+00  0.0000000E+00  0.0000000E+00  0.0000000E+00  0.0000000E+00  0.0000000E+00  0.0000000E+00  0.0000000E+00  0.0000000E+00  0.0000000E+00  0.0000000E+00  0.0000000E+00  0.0000000E+00  0.0000000E+00  0.0000000E+00  0.0000000E+00
21  8.1395828E-01  5.4463700E-02  6.0078300E-02  1.1338500E-01  1.4048200E-02  7.1974800E-03  1.3547300E-02  2.3843100E-05  3.4063700E-05  0.0000000E+00  1.0876900E-02  2.6703600E-01  6.7002800E-03  2.4798200E-03  2.8078900E-02  3.4064400E-05  1.2943600E-04  0.0000000E+00  0.0000000E+00  1.5057600E-01  1.2682500E-02  2.8036600E-02  3.2089500E-02  1.6349800E-04  1.6349800E-04  0.0000000E+00  0.0000000E+00  0.0000000E+00  8.9587600E-04  8.0731000E-04  1.5192500E-03  3.4064500E-06  3.4064500E-06  0.0000000E+00  0.0000000E+00  0.0000000E+00  0.0000000E+00  1.3625700E-04  2.9670600E-03  3.4064400E-06  1.0219800E-05  0.0000000E+00  0.0000000E+00  0.0000000E+00  0.0000000E+00  0.0000000E+00  1.7099500E-03  1.3625500E-05  1.3625500E-05  0.0000000E+00  0.0000000E+00  0.0000000E+00  0.0000000E+00  0.0000000E+00  0.0000000E+00  0.0000000E+00  0.0000000E+00  0.0000000E+00  0.0000000E+00  0.0000000E+00  0.0000000E+00  0.0000000E+00  0.0000000E+00  0.0000000E+00  0.0000000E+00
22  7.8645759E-01  5.2566400E-02  5.8094200E-02  1.0898000E-01  1.3731800E-02  7.1043300E-03  1.3289100E-02  5.4061000E-05  7.6322100E-05  0.0000000E+00  1.0513700E-02  2.5694000E-01  6.5414400E-03  2.4454400E-03  2.7469700E-02  7.6322500E-05  2.8304000E-04  0.0000000E+00  0.0000000E+00  1.4459700E-01  1.2309600E-02  2.7436000E-02  3.1352800E-02  3.5299700E-04  3.4981500E-04  0.0000000E+00  0.0000000E+00  0.0000000E+00  8.8722300E-04  8.0456100E-04  1.5073800E-03  6.3601400E-06  9.5398600E-06  0.0000000E+00  0.0000000E+00  0.0000000E+00  0.0000000E+00  1.3674700E-04  2.9542800E-03  6.3602000E-06  2.5441300E-05  0.0000000E+00  0.0000000E+00  0.0000000E+00  0.0000000E+00  0.0000000E+00  1.7012900E-03  3.1800400E-05  3.1800400E-05  0.0000000E+00  0.0000000E+00  0.0000000E+00  0.0000000E+00  0.0000000E+00  0.0000000E+00  0.0000000E+00  0.0000000E+00  0.0000000E+00  0.0000000E+00  0.0000000E+00  0.0000000E+00  0.0000000E+00  0.0000000E+00  0.0000000E+00  0.0000000E+00
23  7.5743444E-01  5.0665200E-02  5.6044100E-02  1.0447800E-01  1.3360600E-02  6.9639100E-03  1.2936000E-02  8.6121100E-05  1.2175200E-04  0.0000000E+00  1.0137700E-02  2.4652900E-01  6.3489100E-03  2.3905400E-03  2.6702300E-02  1.1878200E-04  4.5137500E-04  0.0000000E+00  0.0000000E+00  1.3845200E-01  1.1878200E-02  2.6675200E-02  3.0426000E-02  5.5828600E-04  5.5531800E-04  0.0000000E+00  0.0000000E+00  0.0000000E+00  8.7016700E-04  7.9291200E-04  1.4759500E-03  8.9092400E-06  1.1878800E-05  0.0000000E+00  0.0000000E+00  0.0000000E+00  0.0000000E+00  1.3660700E-04  2.9103200E-03  8.9092000E-06  4.1575600E-05  0.0000000E+00  0.0000000E+00  0.0000000E+00  0.0000000E+00  0.0000000E+00  1.6719500E-03  5.0482500E-05  5.0482500E-05  0.0000000E+00  0.0000000E+00  0.0000000E+00  0.0000000E+00  0.0000000E+00  0.0000000E+00  0.0000000E+00  0.0000000E+00  0.0000000E+00  0.0000000E+00  0.0000000E+00  0.0000000E+00  0.0000000E+00  0.0000000E+00  0.0000000E+00  0.0000000E+00
24  7.2713307E-01  4.8963700E-02  5.4276900E-02  1.0049600E-01  1.2780500E-02  6.6591000E-03  1.2264700E-02  1.3100500E-04  1.8396400E-04  0.0000000E+00  9.8142500E-03  2.3747300E-01  6.0738600E-03  2.2773200E-03  2.5270400E-02  1.8396600E-04  6.9129300E-04  0.0000000E+00  0.0000000E+00  1.3307800E-01  1.1289000E-02  2.5274000E-02  2.8738300E-02  8.5857600E-04  8.4739200E-04  0.0000000E+00  0.0000000E+00  0.0000000E+00  8.7571000E-04  7.9288500E-04  1.4674900E-03  1.4792800E-05  2.0709700E-05  0.0000000E+00  0.0000000E+00  0.0000000E+00  0.0000000E+00  1.3559400E-04  2.8652400E-03  1.7685900E-05  6.4850400E-05  0.0000000E+00  0.0000000E+00  0.0000000E+00  0.0000000E+00  0.0000000E+00  1.6974600E-03  8.2289700E-05  8.2289700E-05  0.0000000E+00  0.0000000E+00  0.0000000E+00  0.0000000E+00  0.0000000E+00  0.0000000E+00  0.0000000E+00  2.7875000E-06  0.0000000E+00  0.0000000E+00  0.0000000E+00  0.0000000E+00  0.0000000E+00  0.0000000E+00  0.0000000E+00  0.0000000E+00
25  6.9580932E-01  4.6713800E-02  5.1791600E-02  9.5220700E-02  1.2482100E-02  6.5950600E-03  1.2061400E-02  1.5246600E-04  2.1191200E-04  0.0000000E+00  9.3368600E-03  2.2494800E-01  5.9152600E-03  2.2457300E-03  2.4782800E-02  2.1190900E-04  7.9335200E-04  0.0000000E+00  0.0000000E+00  1.2573600E-01  1.0918900E-02  2.4771800E-02  2.8128900E-02  9.8451000E-04  9.7163500E-04  0.0000000E+00  0.0000000E+00  0.0000000E+00  8.2438600E-04  7.5718300E-04  1.3876900E-03  1.5505400E-05  2.3258500E-05  0.0000000E+00  0.0000000E+00  0.0000000E+00  0.0000000E+00  1.3040000E-04  2.7750000E-03  1.8256400E-05  7.3023200E-05  0.0000000E+00  0.0000000E+00  0.0000000E+00  0.0000000E+00  0.0000000E+00  1.6166500E-03  9.2908500E-05  9.0256800E-05  0.0000000E+00  0.0000000E+00  0.0000000E+00  0.0000000E+00  0.0000000E+00  0.0000000E+00  0.0000000E+00  2.5842900E-06  0.0000000E+00  0.0000000E+00  0.0000000E+00  0.0000000E+00  0.0000000E+00  0.0000000E+00  0.0000000E+00  0.0000000E+00
26  6.6375773E-01  4.4703900E-02  4.9630900E-02  9.0552800E-02  1.2001000E-02  6.3786100E-03  1.1570000E-02  1.8533500E-04  2.5754600E-04  0.0000000E+00  8.9104500E-03  2.1381900E-01  5.6804000E-03  2.1590900E-03  2.3691100E-02  2.5754000E-04  9.6038500E-04  0.0000000E+00  0.0000000E+00  1.1920700E-01  1.0408500E-02  2.3689300E-02  2.6835300E-02  1.1938900E-03  1.1746300E-03  0.0000000E+00  0.0000000E+00  0.0000000E+00  8.0227700E-04  7.3926300E-04  1.3452500E-03  1.9391400E-05  2.6662900E-05  0.0000000E+00  0.0000000E+00  0.0000000E+00  0.0000000E+00  1.2814400E-04  2.7106200E-03  2.2177600E-05  8.8708100E-05  0.0000000E+00  0.0000000E+00  0.0000000E+00  0.0000000E+00  0.0000000E+00  1.5865500E-03  1.1622300E-04  1.1116700E-04  0.0000000E+00  0.0000000E+00  0.0000000E+00  0.0000000E+00  0.0000000E+00  0.0000000E+00  0.0000000E+00  3.8585800E-06  0.0000000E+00  0.0000000E+00  0.0000000E+00  0.0000000E+00  0.0000000E+00  0.0000000E+00  0.0000000E+00  0.0000000E+00
27  6.3127318E-01  4.2712400E-02  4.7427300E-02  8.5840600E-02  1.1507000E-02  6.1432600E-03  1.1044300E-02  2.1715600E-04  2.9776800E-04  0.0000000E+00  8.4806100E-03  2.0259800E-01  5.4359100E-03  2.0686800E-03  2.2565900E-02  2.9999700E-04  1.1171500E-03  0.0000000E+00  0.0000000E+00  1.1264200E-01  9.8802100E-03  2.2572100E-02  2.5500600E-02  1.3881500E-03  1.3612000E-03  0.0000000E+00  0.0000000E+00  0.0000000E+00  7.8103500E-04  7.2169700E-04  1.3017100E-03  2.2838600E-05  3.1973400E-05  0.0000000E+00  0.0000000E+00  0.0000000E+00  0.0000000E+00  1.2608700E-04  2.6431900E-03  2.8019400E-05  1.0740300E-04  0.0000000E+00  0.0000000E+00  0.0000000E+00  0.0000000E+00  0.0000000E+00  1.5544200E-03  1.3736100E-04  1.3254500E-04  0.0000000E+00  0.0000000E+00  0.0000000E+00  0.0000000E+00  0.0000000E+00  0.0000000E+00  0.0000000E+00  6.5548400E-06  0.0000000E+00  0.0000000E+00  0.0000000E+00  0.0000000E+00  0.0000000E+00  0.0000000E+00  0.0000000E+00  2.3596000E-06
28  5.9865508E-01  4.0678800E-02  4.5181800E-02  8.1099900E-02  1.0992000E-02  5.8941500E-03  1.0496800E-02  2.4524400E-04  3.3668000E-04  0.0000000E+00  8.0532600E-03  1.9146400E-01  5.1855200E-03  1.9702800E-03  2.1408600E-02  3.4084300E-04  1.2595100E-03  0.0000000E+00  0.0000000E+00  1.0618100E-01  9.3464700E-03  2.1423800E-02  2.4133400E-02  1.5628600E-03  1.5296500E-03  0.0000000E+00  0.0000000E+00  0.0000000E+00  7.6102900E-04  7.0493300E-04  1.2590200E-03  2.8026000E-05  3.6649300E-05  0.0000000E+00  0.0000000E+00  0.0000000E+00  0.0000000E+00  1.2441200E-04  2.5816000E-03  3.1103800E-05  1.2441200E-04  0.0000000E+00  0.0000000E+00  0.0000000E+00  0.0000000E+00  0.0000000E+00  1.5206700E-03  1.6127400E-04  1.5436000E-04  0.0000000E+00  0.0000000E+00  0.0000000E+00  0.0000000E+00  0.0000000E+00  0.0000000E+00  0.0000000E+00  8.6338500E-06  0.0000000E+00  0.0000000E+00  0.0000000E+00  0.0000000E+00  0.0000000E+00  0.0000000E+00  0.0000000E+00  3.1360400E-06
29  5.6618860E-01  3.8856700E-02  4.3190800E-02  7.6838300E-02  1.0407300E-02  5.5745800E-03  9.8248600E-03  2.8067200E-04  3.8130900E-04  0.0000000E+00  7.6578100E-03  1.8119100E-01  4.9029100E-03  1.8504400E-03  1.9982600E-02  3.8907100E-04  1.4323500E-03  0.0000000E+00  0.0000000E+00  1.0019400E-01  8.7610800E-03  2.0020100E-02  2.2468400E-02  1.7788600E-03  1.7342900E-03  0.0000000E+00  0.0000000E+00  0.0000000E+00  7.6270300E-04  7.0483000E-04  1.2447000E-03  3.2136200E-05  4.4990500E-05  0.0000000E+00  0.0000000E+00  0.0000000E+00  0.0000000E+00  1.2055700E-04  2.5230900E-03  3.7264500E-05  1.4685900E-04  0.0000000E+00  0.0000000E+00  0.0000000E+00  0.0000000E+00  0.0000000E+00  1.5204600E-03  1.9619200E-04  1.8685500E-04  0.0000000E+00  0.0000000E+00  0.0000000E+00  0.0000000E+00  0.0000000E+00  0.0000000E+00  0.0000000E+00  1.1070700E-05  0.0000000E+00  0.0000000E+00  0.0000000E+00  0.0000000E+00  0.0000000E+00  0.0000000E+00  0.0000000E+00  4.1241700E-06
30  5.3412769E-01  3.6720200E-02  4.0826300E-02  7.1952000E-02  9.9699100E-03  5.3873800E-03  9.4041200E-03  2.9622100E-04  3.9971100E-04  0.0000000E+00  7.1874000E-03  1.6942300E-01  4.6879200E-03  1.7737200E-03  1.9064900E-02  4.0865100E-04  1.5025200E-03  0.0000000E+00  0.0000000E+00  9.3392300E-02  8.2976700E-03  1.9093400E-02  2.1383800E-02  1.8647400E-03  1.8148200E-03  0.0000000E+00  0.0000000E+00  0.0000000E+00  7.2392600E-04  6.7550700E-04  1.1826500E-03  3.4839400E-05  4.6452800E-05  0.0000000E+00  0.0000000E+00  0.0000000E+00  0.0000000E+00  1.1749800E-04  2.4197400E-03  3.9831200E-05  1.5334600E-04  0.0000000E+00  0.0000000E+00  0.0000000E+00  0.0000000E+00  0.0000000E+00  1.4546700E-03  2.0568800E-04  1.9508800E-04  0.0000000E+00  0.0000000E+00  0.0000000E+00  0.0000000E+00  0.0000000E+00  0.0000000E+00  0.0000000E+00  1.3490300E-05  0.0000000E+00  0.0000000E+00  0.0000000E+00  0.0000000E+00  0.0000000E+00  0.0000000E+00  0.0000000E+00  5.3784900E-06
31  5.0271410E-01  3.4597900E-02  3.8522100E-02  6.7227900E-02  9.5345500E-03  5.2032300E-03  8.9964100E-03  3.0869100E-04  4.1377000E-04  0.0000000E+00  6.7259700E-03  1.5796400E-01  4.4809700E-03  1.6962000E-03  1.8151000E-02  4.2363000E-04  1.5549900E-03  0.0000000E+00  0.0000000E+00  8.6794000E-02  7.8531200E-03  1.8163600E-02  2.0302200E-02  1.9259500E-03  1.8733500E-03  0.0000000E+00  0.0000000E+00  0.0000000E+00  6.9590600E-04  6.5362100E-04  1.1329200E-03  3.5237300E-05  4.7570000E-05  0.0000000E+00  0.0000000E+00  0.0000000E+00  0.0000000E+00  1.1205900E-04  2.3206800E-03  4.1570200E-05  1.6085800E-04  0.0000000E+00  0.0000000E+00  0.0000000E+00  0.0000000E+00  0.0000000E+00  1.3817100E-03  2.1182300E-04  2.0228500E-04  0.0000000E+00  0.0000000E+00  0.0000000E+00  0.0000000E+00  0.0000000E+00  0.0000000E+00  0.0000000E+00  1.3892400E-05  0.0000000E+00  0.0000000E+00  0.0000000E+00  0.0000000E+00  0.0000000E+00  0.0000000E+00  0.0000000E+00  4.6236700E-06
32  4.7216413E-01  3.2547100E-02  3.6260100E-02  6.2627300E-02  9.1097100E-03  5.0139600E-03  8.5819500E-03  3.1667200E-04  4.2071800E-04  0.0000000E+00  6.2804900E-03  1.4684200E-01  4.2749100E-03  1.6195400E-03  1.7248200E-02  4.3277100E-04  1.5833200E-03  0.0000000E+00  0.0000000E+00  8.0432300E-02  7.4131800E-03  1.7249100E-02  1.9239100E-02  1.9572700E-03  1.8999700E-03  0.0000000E+00  0.0000000E+00  0.0000000E+00  6.6425600E-04  6.2763700E-04  1.0784200E-03  3.6637900E-05  4.7787800E-05  0.0000000E+00  0.0000000E+00  0.0000000E+00  0.0000000E+00  1.0814300E-04  2.2235500E-03  4.2602200E-05  1.6385400E-04  0.0000000E+00  0.0000000E+00  0.0000000E+00  0.0000000E+00  0.0000000E+00  1.3026200E-03  2.1312900E-04  2.0289100E-04  0.0000000E+00  0.0000000E+00  0.0000000E+00  0.0000000E+00  0.0000000E+00  0.0000000E+00  0.0000000E+00  1.3825000E-05  0.0000000E+00  0.0000000E+00  0.0000000E+00  0.0000000E+00  0.0000000E+00  0.0000000E+00  0.0000000E+00  3.5151900E-06
33  4.4263384E-01  3.0537000E-02  3.4041600E-02  5.8156900E-02  8.6824500E-03  4.8185800E-03  8.1615200E-03  3.2059800E-04  4.2286500E-04  0.0000000E+00  5.8551200E-03  1.3622200E-01  4.0697700E-03  1.5394400E-03  1.6351000E-02  4.3530900E-04  1.5892200E-03  0.0000000E+00  0.0000000E+00  7.4381600E-02  6.9831400E-03  1.6338800E-02  1.8185600E-02  1.9609400E-03  1.9001200E-03  0.0000000E+00  0.0000000E+00  0.0000000E+00  6.3407500E-04  6.0384300E-04  1.0237100E-03  3.7382200E-05  4.8882800E-05  0.0000000E+00  0.0000000E+00  0.0000000E+00  0.0000000E+00  1.0344400E-04  2.1176900E-03  4.4334400E-05  1.6551400E-04  0.0000000E+00  0.0000000E+00  0.0000000E+00  0.0000000E+00  0.0000000E+00  1.2234200E-03  2.1275300E-04  2.0212100E-04  0.0000000E+00  0.0000000E+00  0.0000000E+00  0.0000000E+00  0.0000000E+00  0.0000000E+00  0.0000000E+00  1.5201700E-05  0.0000000E+00  0.0000000E+00  0.0000000E+00  0.0000000E+00  0.0000000E+00  0.0000000E+00  0.0000000E+00  4.1457300E-06
34  4.1429373E-01  2.8624000E-02  3.1935300E-02  5.3944900E-02  8.2675100E-03  4.6241100E-03  7.7475400E-03  3.2006700E-04  4.2126500E-04  0.0000000E+00  5.4409100E-03  1.2605200E-01  3.8725300E-03  1.4612100E-03  1.5456200E-02  4.3393200E-04  1.5801200E-03  0.0000000E+00  0.0000000E+00  6.8591100E-02  6.5660400E-03  1.5432500E-02  1.7139300E-02  1.9470900E-03  1.8839000E-03  0.0000000E+00  0.0000000E+00  0.0000000E+00  6.0599600E-04  5.7999600E-04  9.7402700E-04  3.7711500E-05  4.8114700E-05  0.0000000E+00  0.0000000E+00  0.0000000E+00  0.0000000E+00  9.8171700E-05  2.0045700E-03  4.3781300E-05  1.6450200E-04  0.0000000E+00  0.0000000E+00  0.0000000E+00  0.0000000E+00  0.0000000E+00  1.1473800E-03  2.0998800E-04  1.9914500E-04  0.0000000E+00  0.0000000E+00  0.0000000E+00  0.0000000E+00  0.0000000E+00  0.0000000E+00  0.0000000E+00  1.6446600E-05  0.0000000E+00  0.0000000E+00  0.0000000E+00  0.0000000E+00  0.0000000E+00  0.0000000E+00  0.0000000E+00  3.7953000E-06
35  3.8722303E-01  2.6797400E-02  2.9930600E-02  4.9964500E-02  7.8607500E-03  4.4290900E-03  7.3379000E-03  3.1808900E-04  4.1527400E-04  0.0000000E+00  5.0468700E-03  1.1641800E-01  3.6783500E-03  1.3822700E-03  1.4572400E-02  4.2913600E-04  1.5569600E-03  0.0000000E+00  0.0000000E+00  6.3122300E-02  6.1616800E-03  1.4536400E-02  1.6108000E-02  1.9154600E-03  1.8506900E-03  0.0000000E+00  0.0000000E+00  0.0000000E+00  5.7906900E-04  5.5788600E-04  9.2509000E-04  3.7661400E-05  4.8250600E-05  0.0000000E+00  0.0000000E+00  0.0000000E+00  0.0000000E+00  9.3102800E-05  1.8979200E-03  4.2973300E-05  1.6233700E-04  0.0000000E+00  0.0000000E+00  0.0000000E+00  0.0000000E+00  0.0000000E+00  1.0781200E-03  2.0592900E-04  1.9502700E-04  0.0000000E+00  0.0000000E+00  0.0000000E+00  0.0000000E+00  0.0000000E+00  0.0000000E+00  0.0000000E+00  1.7351800E-05  0.0000000E+00  0.0000000E+00  0.0000000E+00  0.0000000E+00  0.0000000E+00  0.0000000E+00  0.0000000E+00  4.6268900E-06
36  3.6152170E-01  2.5064900E-02  2.8031000E-02  4.6220000E-02  7.4643200E-03  4.2359900E-03  6.9337200E-03  3.1382100E-04  4.0574600E-04  0.0000000E+00  4.6729300E-03  1.0735200E-01  3.4908000E-03  1.3048600E-03  1.3705000E-02  4.2052500E-04  1.5236100E-03  0.0000000E+00  0.0000000E+00  5.7997500E-02  5.7733300E-03  1.3659900E-02  1.5101600E-02  1.8712700E-03  1.8036000E-03  0.0000000E+00  0.0000000E+00  0.0000000E+00  5.5439500E-04  5.3733200E-04  8.8027800E-04  3.7388400E-05  4.7006800E-05  0.0000000E+00  0.0000000E+00  0.0000000E+00  0.0000000E+00  8.8305100E-05  1.7972800E-03  4.1995300E-05  1.5938000E-04  0.0000000E+00  0.0000000E+00  0.0000000E+00  0.0000000E+00  0.0000000E+00  1.0043900E-03  1.9937000E-04  1.8859200E-04  0.0000000E+00  0.0000000E+00  0.0000000E+00  0.0000000E+00  0.0000000E+00  0.0000000E+00  0.0000000E+00  1.7961500E-05  0.0000000E+00  0.0000000E+00  0.0000000E+00  0.0000000E+00  0.0000000E+00  0.0000000E+00  0.0000000E+00  4.3446900E-06
37  3.3721552E-01  2.3440400E-02  2.6252100E-02  4.2734800E-02  7.0838900E-03  4.0492100E-03  6.5467500E-03  3.0783100E-04  3.9467500E-04  0.0000000E+00  4.3261200E-03  9.8953600E-02  3.3138100E-03  1.2313000E-03  1.2879000E-02  4.1109600E-04  1.4832100E-03  0.0000000E+00  0.0000000E+00  5.3256000E-02  5.4054800E-03  1.2822700E-02  1.4143900E-02  1.8188700E-03  1.7494100E-03  0.0000000E+00  0.0000000E+00  0.0000000E+00  5.2993900E-04  5.1738500E-04  8.3614400E-04  3.6815600E-05  4.6504200E-05  0.0000000E+00  0.0000000E+00  0.0000000E+00  0.0000000E+00  8.5026500E-05  1.7093300E-03  4.2028200E-05  1.5637100E-04  0.0000000E+00  0.0000000E+00  0.0000000E+00  0.0000000E+00  0.0000000E+00  9.4064300E-04  1.9295100E-04  1.8234200E-04  0.0000000E+00  0.0000000E+00  0.0000000E+00  0.0000000E+00  0.0000000E+00  0.0000000E+00  0.0000000E+00  1.8333500E-05  0.0000000E+00  0.0000000E+00  0.0000000E+00  0.0000000E+00  0.0000000E+00  0.0000000E+00  0.0000000E+00  5.1412600E-06
38  3.1432675E-01  2.1916400E-02  2.4590000E-02  3.9491700E-02  6.7203500E-03  3.8674800E-03  6.1724800E-03  3.0046500E-04  3.8240200E-04  0.0000000E+00  4.0026800E-03  9.1141300E-02  3.1435400E-03  1.1594900E-03  1.2084000E-02  4.0001600E-04  1.4361200E-03  0.0000000E+00  0.0000000E+00  4.8869100E-02  5.0576500E-03  1.2021100E-02  1.3229300E-02  1.7587400E-03  1.6891500E-03  0.0000000E+00  0.0000000E+00  0.0000000E+00  5.0845300E-04  4.9873000E-04  7.9478300E-04  3.6125800E-05  4.4937900E-05  0.0000000E+00  0.0000000E+00  0.0000000E+00  0.0000000E+00  8.0028200E-05  1.6093500E-03  4.1331100E-05  1.5126200E-04  0.0000000E+00  0.0000000E+00  0.0000000E+00  0.0000000E+00  0.0000000E+00  8.8401300E-04  1.8757700E-04  1.7628500E-04  0.0000000E+00  0.0000000E+00  0.0000000E+00  0.0000000E+00  0.0000000E+00  0.0000000E+00  0.0000000E+00  1.8503100E-05  0.0000000E+00  0.0000000E+00  0.0000000E+00  0.0000000E+00  0.0000000E+00  0.0000000E+00  0.0000000E+00  4.5942000E-06
39  2.9288090E-01  2.0501600E-02  2.3049800E-02  3.6498500E-02  6.3728600E-03  3.6925400E-03  5.8157300E-03  2.9307100E-04  3.6957600E-04  0.0000000E+00  3.7106400E-03  8.4067300E-02  2.9850200E-03  1.0902300E-03  1.1339200E-02  3.8650200E-04  1.3841300E-03  0.0000000E+00  0.0000000E+00  4.4905100E-02  4.7312500E-03  1.1266100E-02  1.2369000E-02  1.6924800E-03  1.6207700E-03  0.0000000E+00  0.0000000E+00  0.0000000E+00  4.8872900E-04  4.8229200E-04  7.5845600E-04  3.5428400E-05  4.4283000E-05  0.0000000E+00  0.0000000E+00  0.0000000E+00  0.0000000E+00  7.5899100E-05  1.5259300E-03  3.9944800E-05  1.4780900E-04  0.0000000E+00  0.0000000E+00  0.0000000E+00  0.0000000E+00  0.0000000E+00  8.4294500E-04  1.8449500E-04  1.7257000E-04  0.0000000E+00  0.0000000E+00  0.0000000E+00  0.0000000E+00  0.0000000E+00  0.0000000E+00  0.0000000E+00  1.8518900E-05  0.0000000E+00  0.0000000E+00  0.0000000E+00  0.0000000E+00  0.0000000E+00  0.0000000E+00  0.0000000E+00  4.9211600E-06
40  2.7281990E-01  1.9216000E-02  2.1629400E-02  3.3758200E-02  6.0493400E-03  3.5248500E-03  5.4752500E-03  2.8421400E-04  3.5565500E-04  0.0000000E+00  3.4364200E-03  7.7481800E-02  2.8326300E-03  1.0256500E-03  1.0630600E-02  3.7259700E-04  1.3298000E-03  0.0000000E+00  0.0000000E+00  4.1230000E-02  4.4229500E-03  1.0552800E-02  1.1555900E-02  1.6235800E-03  1.5506700E-03  0.0000000E+00  0.0000000E+00  0.0000000E+00  4.6977200E-04  4.6535100E-04  7.2160500E-04  3.4608000E-05  4.2706300E-05  0.0000000E+00  0.0000000E+00  0.0000000E+00  0.0000000E+00  7.2166800E-05  1.4505800E-03  3.9363900E-05  1.4360300E-04  0.0000000E+00  0.0000000E+00  0.0000000E+00  0.0000000E+00  0.0000000E+00  8.0307700E-04  1.8016400E-04  1.6776900E-04  0.0000000E+00  0.0000000E+00  0.0000000E+00  0.0000000E+00  0.0000000E+00  0.0000000E+00  0.0000000E+00  1.8408100E-05  0.0000000E+00  0.0000000E+00  0.0000000E+00  0.0000000E+00  0.0000000E+00  0.0000000E+00  0.0000000E+00  4.5990600E-06
41  2.5411955E-01  1.8021900E-02  2.0340700E-02  3.1270600E-02  5.7445300E-03  3.3689000E-03  5.1592500E-03  2.7511500E-04  3.4121400E-04  0.0000000E+00  3.1862200E-03  7.1508700E-02  2.6944700E-03  9.6428200E-04  9.9636400E-03  3.5875400E-04  1.2751700E-03  0.0000000E+00  0.0000000E+00  3.7896000E-02  4.1398100E-03  9.8790400E-03  1.0791600E-02  1.5543900E-03  1.4815800E-03  0.0000000E+00  0.0000000E+00  0.0000000E+00  4.5112800E-04  4.4977300E-04  6.8715500E-04  3.4388100E-05  4.1808800E-05  0.0000000E+00  0.0000000E+00  0.0000000E+00  0.0000000E+00  6.9784800E-05  1.3870800E-03  3.8248200E-05  1.3956900E-04  0.0000000E+00  0.0000000E+00  0.0000000E+00  0.0000000E+00  0.0000000E+00  7.6941000E-04  1.7667600E-04  1.6454500E-04  0.0000000E+00  0.0000000E+00  0.0000000E+00  0.0000000E+00  0.0000000E+00  0.0000000E+00  0.0000000E+00  1.8207300E-05  0.0000000E+00  0.0000000E+00  0.0000000E+00  0.0000000E+00  0.0000000E+00  0.0000000E+00  0.0000000E+00  4.8548800E-06
42  2.3673977E-01  1.6898600E-02  1.9130300E-02  2.8951200E-02  5.4508800E-03  3.2184200E-03  4.8545500E-03  2.6543100E-04  3.2589700E-04  0.0000000E+00  2.9509500E-03  6.5941200E-02  2.5622200E-03  9.0612600E-04  9.3246900E-03  3.4442800E-04  1.2190500E-03  0.0000000E+00  0.0000000E+00  3.4800300E-02  3.8708500E-03  9.2353400E-03  1.0061700E-02  1.4838400E-03  1.4103700E-03  0.0000000E+00  0.0000000E+00  0.0000000E+00  4.3331400E-04  4.3454300E-04  6.5305300E-04  3.3333900E-05  4.0121200E-05  0.0000000E+00  0.0000000E+00  0.0000000E+00  0.0000000E+00  6.6661900E-05  1.3227100E-03  3.7651900E-05  1.3579100E-04  0.0000000E+00  0.0000000E+00  0.0000000E+00  0.0000000E+00  0.0000000E+00  7.2896400E-04  1.7097900E-04  1.5863600E-04  0.0000000E+00  0.0000000E+00  0.0000000E+00  0.0000000E+00  0.0000000E+00  0.0000000E+00  0.0000000E+00  1.7899800E-05  0.0000000E+00  0.0000000E+00  0.0000000E+00  0.0000000E+00  0.0000000E+00  0.0000000E+00  0.0000000E+00  4.4362900E-06
43  2.2062148E-01  1.5858400E-02  1.8012200E-02  2.6820900E-02  5.1737500E-03  3.0747700E-03  4.5675600E-03  2.5557000E-04  3.1099000E-04  0.0000000E+00  2.7350500E-03  6.0836000E-02  2.4380800E-03  8.5040200E-04  8.7237400E-03  3.2965500E-04  1.1630500E-03  0.0000000E+00  0.0000000E+00  3.1969900E-02  3.6192600E-03  8.6303500E-03  9.3792100E-03  1.4129600E-03  1.3400400E-03  0.0000000E+00  0.0000000E+00  0.0000000E+00  4.1616000E-04  4.1953400E-04  6.2027700E-04  3.2229000E-05  3.8447800E-05  0.0000000E+00  0.0000000E+00  0.0000000E+00  0.0000000E+00  6.3327800E-05  1.2541300E-03  3.6188200E-05  1.3118500E-04  0.0000000E+00  0.0000000E+00  0.0000000E+00  0.0000000E+00  0.0000000E+00  6.8924500E-04  1.6509900E-04  1.5265800E-04  0.0000000E+00  0.0000000E+00  0.0000000E+00  0.0000000E+00  0.0000000E+00  0.0000000E+00  0.0000000E+00  1.7527700E-05  0.0000000E+00  0.0000000E+00  0.0000000E+00  0.0000000E+00  0.0000000E+00  0.0000000E+00  0.0000000E+00  4.5692000E-06
44  2.0569849E-01  1.4895700E-02  1.6982100E-02  2.4861900E-02  4.9123800E-03  2.9389900E-03  4.2970900E-03  2.4570300E-04  2.9597100E-04  0.0000000E+00  2.5356000E-03  5.6156900E-02  2.3216700E-03  7.9824300E-04  8.1610100E-03  3.1514900E-04  1.1071700E-03  0.0000000E+00  0.0000000E+00  2.9383400E-02  3.3849500E-03  8.0645000E-03  8.7403700E-03  1.3430000E-03  1.2704500E-03  0.0000000E+00  0.0000000E+00  0.0000000E+00  3.9914400E-04  4.0537900E-04  5.8886300E-04  3.1620900E-05  3.7322400E-05  0.0000000E+00  0.0000000E+00  0.0000000E+00  0.0000000E+00  6.0131200E-05  1.1881100E-03  3.5248700E-05  1.2595900E-04  0.0000000E+00  0.0000000E+00  0.0000000E+00  0.0000000E+00  0.0000000E+00  6.5158000E-04  1.5862400E-04  1.4669500E-04  0.0000000E+00  0.0000000E+00  0.0000000E+00  0.0000000E+00  0.0000000E+00  0.0000000E+00  0.0000000E+00  1.7105700E-05  0.0000000E+00  0.0000000E+00  0.0000000E+00  0.0000000E+00  0.0000000E+00  0.0000000E+00  0.0000000E+00  4.2525100E-06
45  1.9191067E-01  1.4018100E-02  1.6026000E-02  2.3059900E-02  4.6685600E-03  2.8095800E-03  4.0400000E-03  2.3595400E-04  2.8160300E-04  0.0000000E+00  2.3547300E-03  5.1870400E-02  2.2118800E-03  7.4968200E-04  7.6393800E-03  3.0064300E-04  1.0513300E-03  0.0000000E+00  0.0000000E+00  2.7024800E-02  3.1647300E-03  7.5402700E-03  8.1495700E-03  1.2734200E-03  1.2011100E-03  0.0000000E+00  0.0000000E+00  0.0000000E+00  3.8293200E-04  3.9149100E-04  5.5845300E-04  3.0444500E-05  3.5677600E-05  0.0000000E+00  0.0000000E+00  0.0000000E+00  0.0000000E+00  5.7083800E-05  1.1260100E-03  3.4250000E-05  1.2082800E-04  0.0000000E+00  0.0000000E+00  0.0000000E+00  0.0000000E+00  0.0000000E+00  6.1556200E-04  1.5222200E-04  1.4033100E-04  0.0000000E+00  0.0000000E+00  0.0000000E+00  0.0000000E+00  0.0000000E+00  0.0000000E+00  0.0000000E+00  1.7125000E-05  0.0000000E+00  0.0000000E+00  0.0000000E+00  0.0000000E+00  0.0000000E+00  0.0000000E+00  0.0000000E+00  4.4284400E-06
46  1.7916923E-01  1.3206700E-02  1.5165300E-02  2.1431000E-02  4.4413000E-03  2.6909700E-03  3.8051800E-03  2.2651100E-04  2.6760800E-04  0.0000000E+00  2.1891400E-03  4.7988000E-02  2.1124800E-03  7.0445700E-04  7.1535400E-03  2.8728400E-04  9.9873800E-04  0.0000000E+00  0.0000000E+00  2.4890700E-02  2.9641700E-03  7.0514800E-03  7.6002300E-03  1.2077100E-03  1.1360100E-03  0.0000000E+00  0.0000000E+00  0.0000000E+00  3.6774700E-04  3.7824600E-04  5.3042600E-04  2.9735500E-05  3.4107000E-05  0.0000000E+00  0.0000000E+00  0.0000000E+00  0.0000000E+00  5.4221400E-05  1.0660400E-03  3.2794600E-05  1.1587500E-04  0.0000000E+00  0.0000000E+00  0.0000000E+00  0.0000000E+00  0.0000000E+00  5.8157700E-04  1.4605000E-04  1.3424900E-04  0.0000000E+00  0.0000000E+00  0.0000000E+00  0.0000000E+00  0.0000000E+00  0.0000000E+00  0.0000000E+00  1.6616100E-05  0.0000000E+00  0.0000000E+00  0.0000000E+00  0.0000000E+00  0.0000000E+00  0.0000000E+00  0.0000000E+00  4.1165700E-06
47  1.6743000E-01  1.2428700E-02  1.4340600E-02  1.9891600E-02  4.2195700E-03  2.5754300E-03  3.5786400E-03  2.1726300E-04  2.5380800E-04  0.0000000E+00  2.0350300E-03  4.4383300E-02  2.0160600E-03  6.6022400E-04  6.6911600E-03  2.7308200E-04  9.4616500E-04  0.0000000E+00  0.0000000E+00  2.2922500E-02  2.7735300E-03  6.5867500E-03  7.0795600E-03  1.1417700E-03  1.0706500E-03  0.0000000E+00  0.0000000E+00  0.0000000E+00  3.5300100E-04  3.6546300E-04  5.0281100E-04  2.8514400E-05  3.2530000E-05  0.0000000E+00  0.0000000E+00  0.0000000E+00  0.0000000E+00  5.1404900E-05  1.0076400E-03  3.1726100E-05  1.1084600E-04  0.0000000E+00  0.0000000E+00  0.0000000E+00  0.0000000E+00  0.0000000E+00  5.4815700E-04  1.4014700E-04  1.2810200E-04  0.0000000E+00  0.0000000E+00  0.0000000E+00  0.0000000E+00  0.0000000E+00  0.0000000E+00  0.0000000E+00  1.6064100E-05  0.0000000E+00  0.0000000E+00  0.0000000E+00  0.0000000E+00  0.0000000E+00  0.0000000E+00  0.0000000E+00  4.1741700E-06
48  1.5661874E-01  1.1716300E-02  1.3587700E-02  1.8488500E-02  4.0144000E-03  2.4682100E-03  3.3690500E-03  2.0829600E-04  2.4079600E-04  0.0000000E+00  1.8914000E-03  4.1062300E-02  1.9278700E-03  6.1971800E-04  6.2594600E-03  2.5999000E-04  8.9632300E-04  0.0000000E+00  0.0000000E+00  2.1108000E-02  2.5966400E-03  6.1535200E-03  6.5957600E-03  1.0802800E-03  1.0101100E-03  0.0000000E+00  0.0000000E+00  0.0000000E+00  3.3866200E-04  3.5344900E-04  4.7679400E-04  2.7698500E-05  3.1023400E-05  0.0000000E+00  0.0000000E+00  0.0000000E+00  0.0000000E+00  4.8753200E-05  9.5215200E-04  3.0655300E-05  1.0600400E-04  0.0000000E+00  0.0000000E+00  0.0000000E+00  0.0000000E+00  0.0000000E+00  5.1670100E-04  1.3407400E-04  1.2225200E-04  0.0000000E+00  0.0000000E+00  0.0000000E+00  0.0000000E+00  0.0000000E+00  0.0000000E+00  0.0000000E+00  1.5511000E-05  0.0000000E+00  0.0000000E+00  0.0000000E+00  0.0000000E+00  0.0000000E+00  0.0000000E+00  0.0000000E+00  3.8301000E-06
49  1.4665978E-01  1.1069200E-02  1.2892400E-02  1.7201700E-02  3.8242400E-03  2.3661900E-03  3.1710300E-03  1.9925400E-04  2.2815900E-04  0.0000000E+00  1.7605900E-03  3.8020800E-02  1.8442300E-03  5.8179100E-04  5.8628400E-03  2.4753000E-04  8.4837800E-04  0.0000000E+00  0.0000000E+00  1.9455800E-02  2.4318900E-03  5.7559000E-03  6.1509900E-03  1.0204100E-03  9.5173800E-04  0.0000000E+00  0.0000000E+00  0.0000000E+00  3.2541300E-04  3.4172900E-04  4.5190600E-04  2.6862000E-05  2.9582800E-05  0.0000000E+00  0.0000000E+00  0.0000000E+00  0.0000000E+00  4.6243700E-05  9.0107000E-04  2.9242300E-05  1.0098700E-04  0.0000000E+00  0.0000000E+00  0.0000000E+00  0.0000000E+00  0.0000000E+00  4.8759800E-04  1.2785200E-04  1.1628800E-04  0.0000000E+00  0.0000000E+00  0.0000000E+00  0.0000000E+00  0.0000000E+00  0.0000000E+00  0.0000000E+00  1.4674400E-05  0.0000000E+00  0.0000000E+00  0.0000000E+00  0.0000000E+00  0.0000000E+00  0.0000000E+00  0.0000000E+00  3.7800500E-06
50  1.3748996E-01  1.0463000E-02  1.2257700E-02  1.6027400E-02  3.6455700E-03  2.2731300E-03  2.9889100E-03  1.9083700E-04  2.1622200E-04  0.0000000E+00  1.6395200E-03  3.5238300E-02  1.7686400E-03  5.4648800E-04  5.4903400E-03  2.3564400E-04  8.0344600E-04  0.0000000E+00  0.0000000E+00  1.7944800E-02  2.2806300E-03  5.3826000E-03  5.7359100E-03  9.6447600E-04  8.9683300E-04  0.0000000E+00  0.0000000E+00  0.0000000E+00  3.1273100E-04  3.3091600E-04  4.2867200E-04  2.5696300E-05  2.8202400E-05  0.0000000E+00  0.0000000E+00  0.0000000E+00  0.0000000E+00  4.3555900E-05  8.5169400E-04  2.8201300E-05  9.6198000E-05  0.0000000E+00  0.0000000E+00  0.0000000E+00  0.0000000E+00  0.0000000E+00  4.5968000E-04  1.2220000E-04  1.1092800E-04  0.0000000E+00  0.0000000E+00  0.0000000E+00  0.0000000E+00  0.0000000E+00  0.0000000E+00  0.0000000E+00  1.4027100E-05  0.0000000E+00  0.0000000E+00  0.0000000E+00  0.0000000E+00  0.0000000E+00  0.0000000E+00  0.0000000E+00  3.4831000E-06
51  1.2906996E-01  9.9027500E-03  1.1674700E-02  1.4949100E-02  3.4789800E-03  2.1861500E-03  2.8193700E-03  1.8272800E-04  2.0471200E-04  0.0000000E+00  1.5285100E-03  3.2696600E-02  1.6986000E-03  5.1409900E-04  5.1455500E-03  2.2437800E-04  7.6071800E-04  0.0000000E+00  0.0000000E+00  1.6572000E-02  2.1408700E-03  5.0371600E-03  5.3526200E-03  9.1167200E-04  8.4545400E-04  0.0000000E+00  0.0000000E+00  0.0000000E+00  3.0098900E-04  3.2095100E-04  4.0712100E-04  2.4866400E-05  2.6890100E-05  0.0000000E+00  0.0000000E+00  0.0000000E+00  0.0000000E+00  4.1346300E-05  8.0556000E-04  2.7179600E-05  9.1948000E-05  0.0000000E+00  0.0000000E+00  0.0000000E+00  0.0000000E+00  0.0000000E+00  4.3371700E-04  1.1651900E-04  1.0553300E-04  0.0000000E+00  0.0000000E+00  0.0000000E+00  0.0000000E+00  0.0000000E+00  0.0000000E+00  0.0000000E+00  1.3443000E-05  0.0000000E+00  0.0000000E+00  0.0000000E+00  0.0000000E+00  0.0000000E+00  0.0000000E+00  0.0000000E+00  3.2003400E-06
52  1.2131056E-01  9.3928300E-03  1.1132900E-02  1.3955300E-02  3.3238700E-03  2.1036000E-03  2.6597800E-03  1.7522100E-04  1.9417600E-04  0.0000000E+00  1.4272900E-03  3.0364700E-02  1.6325400E-03  4.8344500E-04  4.8288700E-03  2.1340400E-04  7.1956800E-04  0.0000000E+00  0.0000000E+00  1.5317300E-02  2.0099700E-03  4.7199700E-03  5.0007000E-03  8.6059600E-04  7.9569100E-04  0.0000000E+00  0.0000000E+00  0.0000000E+00  2.8954600E-04  3.1145200E-04  3.8624400E-04  2.4039800E-05  2.5642100E-05  0.0000000E+00  0.0000000E+00  0.0000000E+00  0.0000000E+00  3.9263400E-05  7.6283200E-04  2.6174600E-05  8.7607900E-05  0.0000000E+00  0.0000000E+00  0.0000000E+00  0.0000000E+00  0.0000000E+00  4.0947900E-04  1.1112400E-04  1.0017000E-04  0.0000000E+00  0.0000000E+00  0.0000000E+00  0.0000000E+00  0.0000000E+00  0.0000000E+00  0.0000000E+00  1.2770300E-05  0.0000000E+00  0.0000000E+00  0.0000000E+00  0.0000000E+00  0.0000000E+00  0.0000000E+00  0.0000000E+00  3.1546200E-06
53  1.1418994E-01  8.9167300E-03  1.0641800E-02  1.3050700E-02  3.1794100E-03  2.0289000E-03  2.5137200E-03  1.6800000E-04  1.8381400E-04  0.0000000E+00  1.3339000E-03  2.8236800E-02  1.5731000E-03  4.5534100E-04  4.5328700E-03  2.0333100E-04  6.8165100E-04  0.0000000E+00  0.0000000E+00  1.4172100E-02  1.8906100E-03  4.4238200E-03  4.6735700E-03  8.1359600E-04  7.4983700E-04  0.0000000E+00  0.0000000E+00  0.0000000E+00  2.7917800E-04  3.0264500E-04  3.6713800E-04  2.3223300E-05  2.4458900E-05  0.0000000E+00  0.0000000E+00  0.0000000E+00  0.0000000E+00  3.7307000E-05  7.2217200E-04  2.4953800E-05  8.3260200E-05  0.0000000E+00  0.0000000E+00  0.0000000E+00  0.0000000E+00  0.0000000E+00  3.8665200E-04  1.0599000E-04  9.5367600E-05  0.0000000E+00  0.0000000E+00  0.0000000E+00  0.0000000E+00  0.0000000E+00  0.0000000E+00  0.0000000E+00  1.2171700E-05  0.0000000E+00  0.0000000E+00  0.0000000E+00  0.0000000E+00  0.0000000E+00  0.0000000E+00  0.0000000E+00  2.8622700E-06
54  1.0762946E-01  8.6616600E-03  1.0264400E-02  1.2356400E-02  3.0856200E-03  1.9565800E-03  2.3836300E-03  1.5382800E-04  1.6779100E-04  0.0000000E+00  1.2504800E-03  2.6298800E-02  1.5182300E-03  4.2800800E-04  4.2441200E-03  1.8343400E-04  6.1503900E-04  0.0000000E+00  0.0000000E+00  1.3138800E-02  1.7890700E-03  4.1390400E-03  4.3529700E-03  7.3132400E-04  6.7307400E-04  0.0000000E+00  0.0000000E+00  0.0000000E+00  2.7059300E-04  2.9226100E-04  3.4786100E-04  2.1184700E-05  2.2388400E-05  0.0000000E+00  0.0000000E+00  0.0000000E+00  0.0000000E+00  3.5146500E-05  6.7884600E-04  2.2868600E-05  7.5828200E-05  0.0000000E+00  0.0000000E+00  0.0000000E+00  0.0000000E+00  0.0000000E+00  3.6181200E-04  9.6287300E-05  8.6419800E-05  0.0000000E+00  0.0000000E+00  0.0000000E+00  0.0000000E+00  0.0000000E+00  0.0000000E+00  0.0000000E+00  1.1306000E-05  0.0000000E+00  0.0000000E+00  0.0000000E+00  0.0000000E+00  0.0000000E+00  0.0000000E+00  0.0000000E+00  2.7318200E-06
55  1.0161095E-01  8.2448200E-03  9.8330100E-03  1.1582400E-02  2.9577500E-03  1.8917500E-03  2.2569800E-03  1.4798600E-04  1.5937300E-04  0.0000000E+00  1.1704700E-03  2.4536200E-02  1.4672000E-03  4.0377300E-04  3.9953900E-03  1.7544300E-04  5.8412500E-04  0.0000000E+00  0.0000000E+00  1.2192800E-02  1.6858300E-03  3.8903600E-03  4.0782300E-03  6.9328600E-04  6.3614500E-04  0.0000000E+00  0.0000000E+00  0.0000000E+00  2.6137900E-04  2.8481000E-04  3.3146700E-04  2.0535400E-05  2.1428100E-05  0.0000000E+00  0.0000000E+00  0.0000000E+00  0.0000000E+00  3.3480300E-05  6.4414700E-04  2.2097400E-05  7.2540300E-05  0.0000000E+00  0.0000000E+00  0.0000000E+00  0.0000000E+00  0.0000000E+00  3.4238600E-04  9.1961700E-05  8.2364000E-05  0.0000000E+00  0.0000000E+00  0.0000000E+00  0.0000000E+00  0.0000000E+00  0.0000000E+00  0.0000000E+00  1.0762200E-05  0.0000000E+00  0.0000000E+00  0.0000000E+00  0.0000000E+00  0.0000000E+00  0.0000000E+00  0.0000000E+00  2.7208200E-06
56  9.6069612E-02  7.8562300E-03  9.4468300E-03  1.0867700E-02  2.8387400E-03  1.8321600E-03  2.1394600E-03  1.4207400E-04  1.5139300E-04  0.0000000E+00  1.0994700E-03  2.2921300E-02  1.4203600E-03  3.8106600E-04  3.7644500E-03  1.6733400E-04  5.5421300E-04  0.0000000E+00  0.0000000E+00  1.1333800E-02  1.5912100E-03  3.6583100E-03  3.8242700E-03  6.5631300E-04  6.0019600E-04  0.0000000E+00  0.0000000E+00  0.0000000E+00  2.5266100E-04  2.7792000E-04  3.1582800E-04  1.9882100E-05  2.0503300E-05  0.0000000E+00  0.0000000E+00  0.0000000E+00  0.0000000E+00  3.1893200E-05  6.1136400E-04  2.1332100E-05  6.9172400E-05  0.0000000E+00  0.0000000E+00  0.0000000E+00  0.0000000E+00  0.0000000E+00  3.2391200E-04  8.8022200E-05  7.8492700E-05  0.0000000E+00  0.0000000E+00  0.0000000E+00  0.0000000E+00  0.0000000E+00  0.0000000E+00  0.0000000E+00  1.0267200E-05  0.0000000E+00  0.0000000E+00  0.0000000E+00  0.0000000E+00  0.0000000E+00  0.0000000E+00  0.0000000E+00  2.4946900E-06
57  9.0970166E-02  7.5110000E-03  9.0962300E-03  1.0219600E-02  2.7308600E-03  1.7773100E-03  2.0302900E-03  1.3690900E-04  1.4404100E-04  0.0000000E+00  1.0339800E-03  2.1435800E-02  1.3777900E-03  3.6047000E-04  3.5531400E-03  1.6001800E-04  5.2627700E-04  0.0000000E+00  0.0000000E+00  1.0545300E-02  1.5033000E-03  3.4468900E-03  3.5922000E-03  6.2198000E-04  5.6690100E-04  0.0000000E+00  0.0000000E+00  0.0000000E+00  2.4454500E-04  2.7168300E-04  3.0134600E-04  1.9255600E-05  1.9448500E-05  0.0000000E+00  0.0000000E+00  0.0000000E+00  0.0000000E+00  3.0233000E-05  5.8134800E-04  2.0410600E-05  6.6050000E-05  0.0000000E+00  0.0000000E+00  0.0000000E+00  0.0000000E+00  0.0000000E+00  3.0714200E-04  8.4149500E-05  7.4716000E-05  0.0000000E+00  0.0000000E+00  0.0000000E+00  0.0000000E+00  0.0000000E+00  0.0000000E+00  0.0000000E+00  9.5813800E-06  0.0000000E+00  0.0000000E+00  0.0000000E+00  0.0000000E+00  0.0000000E+00  0.0000000E+00  0.0000000E+00  2.2794200E-06
58  8.6280473E-02  7.2037900E-03  8.8021100E-03  9.6494900E-03  2.6377500E-03  1.7338100E-03  1.9364600E-03  1.3240300E-04  1.3761000E-04  0.0000000E+00  9.7566500E-04  2.0119800E-02  1.3436800E-03  3.4259400E-04  3.3646200E-03  1.5377600E-04  5.0248300E-04  0.0000000E+00  0.0000000E+00  9.8478100E-03  1.4271500E-03  3.2579300E-03  3.3856200E-03  5.9264200E-04  5.3858500E-04  0.0000000E+00  0.0000000E+00  0.0000000E+00  2.3785500E-04  2.6696600E-04  2.8887700E-04  1.8863300E-05  1.8683300E-05  0.0000000E+00  0.0000000E+00  0.0000000E+00  0.0000000E+00  2.9103200E-05  5.5475400E-04  1.9941400E-05  6.3415600E-05  0.0000000E+00  0.0000000E+00  0.0000000E+00  0.0000000E+00  0.0000000E+00  2.9229000E-04  8.0843700E-05  7.1679800E-05  0.0000000E+00  0.0000000E+00  0.0000000E+00  0.0000000E+00  0.0000000E+00  0.0000000E+00  1.7646300E-07  9.3524100E-06  0.0000000E+00  0.0000000E+00  0.0000000E+00  0.0000000E+00  0.0000000E+00  0.0000000E+00  0.0000000E+00  2.3292400E-06
59  8.1969818E-02  6.9161000E-03  8.5279800E-03  9.1190300E-03  2.5490500E-03  1.6920300E-03  1.8471900E-03  1.2782200E-04  1.3117800E-04  0.0000000E+00  9.2122600E-04  1.8897500E-02  1.3117400E-03  3.2542200E-04  3.1863200E-03  1.4777900E-04  4.7940700E-04  0.0000000E+00  0.0000000E+00  9.2009800E-03  1.3553600E-03  3.0799700E-03  3.1911600E-03  5.6429000E-04  5.1111000E-04  0.0000000E+00  0.0000000E+00  0.0000000E+00  2.3133900E-04  2.6237200E-04  2.7696500E-04  1.8285400E-05  1.7949700E-05  0.0000000E+00  0.0000000E+00  0.0000000E+00  0.0000000E+00  2.7677800E-05  5.2906200E-04  1.9290700E-05  6.0890700E-05  0.0000000E+00  0.0000000E+00  0.0000000E+00  0.0000000E+00  0.0000000E+00  2.7812000E-04  7.7667600E-05  6.8606400E-05  0.0000000E+00  0.0000000E+00  0.0000000E+00  0.0000000E+00  0.0000000E+00  0.0000000E+00  1.6527500E-07  9.0906200E-06  0.0000000E+00  0.0000000E+00  0.0000000E+00  0.0000000E+00  0.0000000E+00  0.0000000E+00  0.0000000E+00  2.1806400E-06
60  7.8000837E-02  6.6573400E-03  8.2753700E-03  8.6294400E-03  2.4675200E-03  1.6527600E-03  1.7628700E-03  1.2362300E-04  1.2534600E-04  0.0000000E+00  8.7160600E-04  1.7776700E-02  1.2816700E-03  3.0952300E-04  3.0234400E-03  1.4198000E-04  4.5731000E-04  0.0000000E+00  0.0000000E+00  8.6110200E-03  1.2878300E-03  2.9168000E-03  3.0131100E-03  5.3700900E-04  4.8477200E-04  0.0000000E+00  0.0000000E+00  0.0000000E+00  2.2512600E-04  2.5822700E-04  2.6560100E-04  1.7727800E-05  1.7256000E-05  0.0000000E+00  0.0000000E+00  0.0000000E+00  0.0000000E+00  2.6512700E-05  5.0546700E-04  1.8669500E-05  5.8356700E-05  0.0000000E+00  0.0000000E+00  0.0000000E+00  0.0000000E+00  0.0000000E+00  2.6497000E-04  7.4517400E-05  6.5575200E-05  0.0000000E+00  0.0000000E+00  0.0000000E+00  0.0000000E+00  0.0000000E+00  0.0000000E+00  1.5507300E-07  8.8391900E-06  0.0000000E+00  0.0000000E+00  0.0000000E+00  0.0000000E+00  0.0000000E+00  0.0000000E+00  0.0000000E+00  2.1962700E-06
61  7.4340370E-02  6.4139800E-03  8.0521000E-03  8.1821500E-03  2.3918700E-03  1.6184700E-03  1.6859800E-03  1.1961200E-04  1.1974800E-04  0.0000000E+00  8.2550100E-04  1.6745100E-02  1.2560500E-03  2.9489300E-04  2.8701500E-03  1.3665600E-04  4.3683100E-04  0.0000000E+00  0.0000000E+00  8.0670900E-03  1.2263800E-03  2.7635300E-03  2.8463000E-03  5.1188500E-04  4.6045200E-04  0.0000000E+00  0.0000000E+00  0.0000000E+00  2.1951200E-04  2.5447800E-04  2.5507200E-04  1.7337800E-05  1.6603400E-05  0.0000000E+00  0.0000000E+00  0.0000000E+00  0.0000000E+00  2.5419900E-05  4.8296300E-04  1.8072300E-05  5.5979500E-05  0.0000000E+00  0.0000000E+00  0.0000000E+00  0.0000000E+00  0.0000000E+00  2.5242900E-04  7.1702900E-05  6.2739700E-05  0.0000000E+00  0.0000000E+00  0.0000000E+00  0.0000000E+00  0.0000000E+00  0.0000000E+00  1.4573600E-07  8.5983600E-06  0.0000000E+00  0.0000000E+00  0.0000000E+00  0.0000000E+00  0.0000000E+00  0.0000000E+00  0.0000000E+00  2.0570400E-06
62  7.0970573E-02  6.1952600E-03  7.8452200E-03  7.7664300E-03  2.3221800E-03  1.5864500E-03  1.6131400E-03  1.1592800E-04  1.1454500E-04  0.0000000E+00  7.8355000E-04  1.5798700E-02  1.2321700E-03  2.8105800E-04  2.7304300E-03  1.3149500E-04  4.1724800E-04  0.0000000E+00  0.0000000E+00  7.5717600E-03  1.1687100E-03  2.6236400E-03  2.6941600E-03  4.8766300E-04  4.3736000E-04  0.0000000E+00  0.0000000E+00  0.0000000E+00  2.1419900E-04  2.5115100E-04  2.4508300E-04  1.6817000E-05  1.5989200E-05  0.0000000E+00  0.0000000E+00  0.0000000E+00  0.0000000E+00  2.4398700E-05  4.6245500E-04  1.7644200E-05  5.3620400E-05  0.0000000E+00  0.0000000E+00  0.0000000E+00  0.0000000E+00  0.0000000E+00  2.4094800E-04  6.8782000E-05  6.0099100E-05  0.0000000E+00  0.0000000E+00  0.0000000E+00  0.0000000E+00  0.0000000E+00  0.0000000E+00  1.3828400E-07  8.2969100E-06  0.0000000E+00  0.0000000E+00  0.0000000E+00  0.0000000E+00  0.0000000E+00  0.0000000E+00  0.0000000E+00  1.9297700E-06
63  6.7869823E-02  5.9908300E-03  7.6646700E-03  7.3877300E-03  2.2579600E-03  1.5588800E-03  1.5467800E-03  1.1240500E-04  1.0955800E-04  0.0000000E+00  7.4428200E-04  1.4925800E-02  1.2121200E-03  2.6846200E-04  2.5987000E-03  1.2678000E-04  3.9926100E-04  0.0000000E+00  0.0000000E+00  7.1157300E-03  1.1161700E-03  2.4920500E-03  2.5519300E-03  4.6556600E-04  4.1609700E-04  0.0000000E+00  0.0000000E+00  0.0000000E+00  2.0940500E-04  2.4839200E-04  2.3595900E-04  1.6447000E-05  1.5280700E-05  0.0000000E+00  0.0000000E+00  0.0000000E+00  0.0000000E+00  2.3439700E-05  4.4275600E-04  1.7094400E-05  5.1542500E-05  0.0000000E+00  0.0000000E+00  0.0000000E+00  0.0000000E+00  0.0000000E+00  2.3012800E-04  6.6177200E-05  5.7629900E-05  0.0000000E+00  0.0000000E+00  0.0000000E+00  0.0000000E+00  0.0000000E+00  0.0000000E+00  1.2927000E-07  8.0148300E-06  0.0000000E+00  0.0000000E+00  0.0000000E+00  0.0000000E+00  0.0000000E+00  0.0000000E+00  0.0000000E+00  1.9424700E-06
64  6.5010620E-02  5.8022100E-03  7.4932500E-03  7.0290600E-03  2.1969500E-03  1.5317900E-03  1.4825400E-03  1.0898800E-04  1.0484500E-04  0.0000000E+00  7.0799900E-04  1.4113700E-02  1.1925100E-03  2.5635200E-04  2.4762700E-03  1.2202600E-04  3.8141600E-04  0.0000000E+00  0.0000000E+00  6.6924800E-03  1.0658800E-03  2.3694700E-03  2.4192000E-03  4.4376200E-04  3.9518200E-04  0.0000000E+00  0.0000000E+00  0.0000000E+00  2.0470100E-04  2.4563000E-04  2.2699700E-04  1.5953200E-05  1.4734900E-05  0.0000000E+00  0.0000000E+00  0.0000000E+00  0.0000000E+00  2.2407600E-05  4.2427300E-04  1.6561900E-05  4.9444400E-05  0.0000000E+00  0.0000000E+00  0.0000000E+00  0.0000000E+00  0.0000000E+00  2.1993100E-04  6.3568000E-05  5.5042400E-05  0.0000000E+00  0.0000000E+00  0.0000000E+00  0.0000000E+00  0.0000000E+00  0.0000000E+00  1.2210600E-07  7.6927800E-06  0.0000000E+00  0.0000000E+00  0.0000000E+00  0.0000000E+00  0.0000000E+00  0.0000000E+00  0.0000000E+00  1.8266800E-06
65  6.2370327E-02  5.6335000E-03  7.3551800E-03  6.7114800E-03  2.1444200E-03  1.5114200E-03  1.4266700E-03  1.0596600E-04  1.0057800E-04  0.0000000E+00  6.7508100E-04  1.3380900E-02  1.1783000E-03  2.4557600E-04  2.3645400E-03  1.1802600E-04  3.6589400E-04  0.0000000E+00  0.0000000E+00  6.3112700E-03  1.0214800E-03  2.2577400E-03  2.2988900E-03  4.2467400E-04  3.7693100E-04  0.0000000E+00  0.0000000E+00  0.0000000E+00  2.0091100E-04  2.4397100E-04  2.1928100E-04  1.5613900E-05  1.4121700E-05  0.0000000E+00  0.0000000E+00  0.0000000E+00  0.0000000E+00  2.1584300E-05  4.0745700E-04  1.6188000E-05  4.7529200E-05  0.0000000E+00  0.0000000E+00  0.0000000E+00  0.0000000E+00  0.0000000E+00  2.1068200E-04  6.1309700E-05  5.2926200E-05  0.0000000E+00  0.0000000E+00  0.0000000E+00  0.0000000E+00  0.0000000E+00  0.0000000E+00  1.1546500E-07  7.5048500E-06  0.0000000E+00  0.0000000E+00  0.0000000E+00  0.0000000E+00  0.0000000E+00  0.0000000E+00  0.0000000E+00  1.7221500E-06
66  5.9940256E-02  5.4719000E-03  7.2242300E-03  6.4090800E-03  2.0936500E-03  1.4920200E-03  1.3728400E-03  1.0300200E-04  9.6396600E-05  0.0000000E+00  6.4460900E-04  1.2705400E-02  1.1648100E-03  2.3504600E-04  2.2599600E-03  1.1395600E-04  3.5051600E-04  0.0000000E+00  0.0000000E+00  5.9612700E-03  9.7934300E-04  2.1522100E-03  2.1857200E-03  4.0600300E-04  3.5886500E-04  0.0000000E+00  0.0000000E+00  0.0000000E+00  1.9712800E-04  2.4219000E-04  2.1174900E-04  1.5272400E-05  1.3539200E-05  0.0000000E+00  0.0000000E+00  0.0000000E+00  0.0000000E+00  2.0796800E-05  3.9112500E-04  1.5814000E-05  4.5816800E-05  0.0000000E+00  0.0000000E+00  0.0000000E+00  0.0000000E+00  0.0000000E+00  2.0167800E-04  5.9139700E-05  5.0800300E-05  0.0000000E+00  0.0000000E+00  0.0000000E+00  0.0000000E+00  0.0000000E+00  0.0000000E+00  1.0969500E-07  7.2402300E-06  0.0000000E+00  0.0000000E+00  0.0000000E+00  0.0000000E+00  0.0000000E+00  0.0000000E+00  0.0000000E+00  1.7329600E-06
67  5.8498711E-02  5.4051200E-03  7.2082000E-03  6.2173100E-03  2.0766700E-03  1.4951800E-03  1.3407900E-03  1.0169900E-04  9.3919700E-05  0.0000000E+00  6.2476600E-04  1.2239800E-02  1.1691800E-03  2.2862500E-04  2.1931500E-03  1.1177800E-04  3.4081300E-04  0.0000000E+00  0.0000000E+00  5.7116500E-03  9.5279700E-04  2.0835000E-03  2.1099000E-03  3.9374300E-04  3.4682500E-04  0.0000000E+00  0.0000000E+00  0.0000000E+00  1.9635300E-04  2.4420400E-04  2.0746300E-04  1.5153300E-05  1.3284300E-05  0.0000000E+00  0.0000000E+00  0.0000000E+00  0.0000000E+00  2.0342000E-05  3.8159100E-04  1.5567100E-05  4.4628100E-05  0.0000000E+00  0.0000000E+00  0.0000000E+00  0.0000000E+00  0.0000000E+00  1.9615100E-04  5.7805300E-05  4.9506200E-05  0.0000000E+00  0.0000000E+00  0.0000000E+00  0.0000000E+00  0.0000000E+00  0.0000000E+00  1.0323100E-07  7.0194600E-06  0.0000000E+00  0.0000000E+00  0.0000000E+00  0.0000000E+00  0.0000000E+00  0.0000000E+00  0.0000000E+00  1.6605100E-06
68  5.6160102E-02  5.2472200E-03  7.0796600E-03  5.9317300E-03  2.0255500E-03  1.4751300E-03  1.2885300E-03  9.8664400E-05  8.9864300E-05  0.0000000E+00  5.9517800E-04  1.1594900E-02  1.1554900E-03  2.1864000E-04  2.0913000E-03  1.0794900E-04  3.2599900E-04  0.0000000E+00  0.0000000E+00  5.3813800E-03  9.1219100E-04  1.9820600E-03  2.0016600E-03  3.7564200E-04  3.2970200E-04  0.0000000E+00  0.0000000E+00  0.0000000E+00  1.9243400E-04  2.4230400E-04  2.0006400E-04  1.4764200E-05  1.2711200E-05  0.0000000E+00  0.0000000E+00  0.0000000E+00  0.0000000E+00  1.9458300E-05  3.6560500E-04  1.5156300E-05  4.2827500E-05  0.0000000E+00  0.0000000E+00  0.0000000E+00  0.0000000E+00  0.0000000E+00  1.8745300E-04  5.5540700E-05  4.7326700E-05  0.0000000E+00  0.0000000E+00  0.0000000E+00  0.0000000E+00  0.0000000E+00  0.0000000E+00  9.8275600E-08  6.7806800E-06  0.0000000E+00  0.0000000E+00  0.0000000E+00  0.0000000E+00  0.0000000E+00  0.0000000E+00  0.0000000E+00  1.5645100E-06
69  5.3980407E-02  5.1040400E-03  6.9584400E-03  5.6645500E-03  1.9777700E-03  1.4556800E-03  1.2382800E-03  9.5721200E-05  8.5945200E-05  0.0000000E+00  5.6786000E-04  1.0995800E-02  1.1424800E-03  2.0923600E-04  1.9971600E-03  1.0411800E-04  3.1159500E-04  0.0000000E+00  0.0000000E+00  5.0754600E-03  8.7351200E-04  1.8882200E-03  1.9015200E-03  3.5825500E-04  3.1326400E-04  0.0000000E+00  0.0000000E+00  0.0000000E+00  1.8857700E-04  2.4050800E-04  1.9282700E-04  1.4385800E-05  1.2264800E-05  0.0000000E+00  0.0000000E+00  0.0000000E+00  0.0000000E+00  1.8719500E-05  3.5079100E-04  1.4754600E-05  4.1036000E-05  0.0000000E+00  0.0000000E+00  0.0000000E+00  0.0000000E+00  0.0000000E+00  1.7935500E-04  5.3391700E-05  4.5275800E-05  0.0000000E+00  0.0000000E+00  0.0000000E+00  0.0000000E+00  0.0000000E+00  0.0000000E+00  9.3639400E-08  6.5543200E-06  0.0000000E+00  0.0000000E+00  0.0000000E+00  0.0000000E+00  0.0000000E+00  0.0000000E+00  0.0000000E+00  1.5677000E-06
70  5.1950931E-02  4.9672700E-03  6.8542600E-03  5.4167700E-03  1.9331900E-03  1.4392900E-03  1.1919900E-03  9.2964400E-05  8.2257500E-05  0.0000000E+00  5.4203600E-04  1.0435700E-02  1.1320700E-03  2.0037400E-04  1.9073500E-03  1.0062700E-04  2.9829200E-04  0.0000000E+00  0.0000000E+00  4.7902500E-03  8.3787200E-04  1.7985400E-03  1.8066400E-03  3.4216800E-04  2.9812000E-04  0.0000000E+00  0.0000000E+00  0.0000000E+00  1.8513600E-04  2.3910400E-04  1.8618600E-04  1.4013700E-05  1.1750700E-05  0.0000000E+00  0.0000000E+00  0.0000000E+00  0.0000000E+00  1.8017700E-05  3.3652400E-04  1.4362700E-05  3.9342400E-05  0.0000000E+00  0.0000000E+00  0.0000000E+00  0.0000000E+00  0.0000000E+00  1.7164700E-04  5.1354100E-05  4.3434300E-05  0.0000000E+00  0.0000000E+00  0.0000000E+00  0.0000000E+00  0.0000000E+00  0.0000000E+00  8.9284800E-08  6.3393900E-06  0.0000000E+00  0.0000000E+00  0.0000000E+00  0.0000000E+00  0.0000000E+00  0.0000000E+00  0.0000000E+00  1.4796200E-06
71  5.0050028E-02  4.8393500E-03  6.7504800E-03  5.1790400E-03  1.8898400E-03  1.4223600E-03  1.1464700E-03  9.0242000E-05  7.8736400E-05  0.0000000E+00  5.1767800E-04  9.9070900E-03  1.1212100E-03  1.9190500E-04  1.8229500E-03  9.7058900E-05  2.8509700E-04  0.0000000E+00  0.0000000E+00  4.5228200E-03  8.0317000E-04  1.7145500E-03  1.7175500E-03  3.2613900E-04  2.8307800E-04  0.0000000E+00  0.0000000E+00  0.0000000E+00  1.8155400E-04  2.3761200E-04  1.7958400E-04  1.3643600E-05  1.1259700E-05  0.0000000E+00  0.0000000E+00  0.0000000E+00  0.0000000E+00  1.7259500E-05  3.2301000E-04  1.3971600E-05  3.7725700E-05  0.0000000E+00  0.0000000E+00  0.0000000E+00  0.0000000E+00  0.0000000E+00  1.6429400E-04  4.9230000E-05  4.1503300E-05  0.0000000E+00  0.0000000E+00  0.0000000E+00  0.0000000E+00  0.0000000E+00  0.0000000E+00  8.3855500E-08  6.1214400E-06  0.0000000E+00  0.0000000E+00  0.0000000E+00  0.0000000E+00  0.0000000E+00  0.0000000E+00  0.0000000E+00  1.3971700E-06
72  4.8280048E-02  4.7166800E-03  6.6618900E-03  4.9576700E-03  1.8493200E-03  1.4081400E-03  1.1043500E-03  8.7519100E-05  7.5251600E-05  0.0000000E+00  4.9466500E-04  9.4120300E-03  1.1126700E-03  1.8397400E-04  1.7421500E-03  9.3815300E-05  2.7281300E-04  0.0000000E+00  0.0000000E+00  4.2727200E-03  7.7115200E-04  1.6340400E-03  1.6327400E-03  3.1135900E-04  2.6925800E-04  0.0000000E+00  0.0000000E+00  0.0000000E+00  1.7838300E-04  2.3639000E-04  1.7341300E-04  1.3279400E-05  1.0794500E-05  0.0000000E+00  0.0000000E+00  0.0000000E+00  0.0000000E+00  1.6619100E-05  3.0985500E-04  1.3590300E-05  3.6188200E-05  0.0000000E+00  0.0000000E+00  0.0000000E+00  0.0000000E+00  0.0000000E+00  1.5725600E-04  4.7373700E-05  3.9762000E-05  0.0000000E+00  0.0000000E+00  0.0000000E+00  0.0000000E+00  0.0000000E+00  0.0000000E+00  7.9373000E-08  5.8732500E-06  0.0000000E+00  0.0000000E+00  0.0000000E+00  0.0000000E+00  0.0000000E+00  0.0000000E+00  0.0000000E+00  1.3201200E-06
73  4.6620053E-02  4.6043300E-03  6.5768000E-03  4.7479200E-03  1.8107900E-03  1.3942200E-03  1.0635400E-03  8.5038800E-05  7.2037400E-05  0.0000000E+00  4.7330300E-04  8.9489200E-03  1.1044300E-03  1.7640500E-04  1.6674500E-03  9.0627300E-05  2.6085700E-04  0.0000000E+00  0.0000000E+00  4.0395900E-03  7.4016800E-04  1.5592600E-03  1.5540600E-03  2.9684100E-04  2.5571300E-04  0.0000000E+00  0.0000000E+00  0.0000000E+00  1.7522600E-04  2.3536500E-04  1.6743600E-04  1.2924700E-05  1.0354700E-05  0.0000000E+00  0.0000000E+00  0.0000000E+00  0.0000000E+00  1.6008700E-05  2.9771300E-04  1.3218700E-05  3.4661300E-05  0.0000000E+00  0.0000000E+00  0.0000000E+00  0.0000000E+00  0.0000000E+00  1.5068600E-04  4.5455800E-05  3.7967000E-05  0.0000000E+00  0.0000000E+00  0.0000000E+00  0.0000000E+00  0.0000000E+00  0.0000000E+00  7.4984400E-08  5.6235400E-06  0.0000000E+00  0.0000000E+00  0.0000000E+00  0.0000000E+00  0.0000000E+00  0.0000000E+00  0.0000000E+00  1.3218700E-06
74  4.6139344E-02  4.6033300E-03  6.6597700E-03  4.6610600E-03  1.8172400E-03  1.4158100E-03  1.0502200E-03  8.4508800E-05  7.0570900E-05  0.0000000E+00  4.6367100E-04  8.7154800E-03  1.1243500E-03  1.7329500E-04  1.6333600E-03  8.9706400E-05  2.5567900E-04  0.0000000E+00  0.0000000E+00  3.9120800E-03  7.2849800E-04  1.5228900E-03  1.5144000E-03  2.9016700E-04  2.4905200E-04  0.0000000E+00  0.0000000E+00  0.0000000E+00  1.7649400E-04  2.4008500E-04  1.6574800E-04  1.2946400E-05  1.0172400E-05  0.0000000E+00  0.0000000E+00  0.0000000E+00  0.0000000E+00  1.5721300E-05  2.9264500E-04  1.3160400E-05  3.4004500E-05  0.0000000E+00  0.0000000E+00  0.0000000E+00  0.0000000E+00  0.0000000E+00  1.4782700E-04  4.4747100E-05  3.7204800E-05  0.0000000E+00  0.0000000E+00  0.0000000E+00  0.0000000E+00  0.0000000E+00  0.0000000E+00  7.1137100E-08  5.4065200E-06  0.0000000E+00  0.0000000E+00  0.0000000E+00  0.0000000E+00  0.0000000E+00  0.0000000E+00  0.0000000E+00  1.2805200E-06
75  4.4949658E-02  4.5341000E-03  6.6363700E-03  4.5025600E-03  1.7950800E-03  1.4144300E-03  1.0199500E-03  8.2765700E-05  6.8044400E-05  0.0000000E+00  4.4742200E-04  8.3567300E-03  1.1262300E-03  1.6750800E-04  1.5763600E-03  8.7383300E-05  2.4634100E-04  0.0000000E+00  0.0000000E+00  3.7304200E-03  7.0531800E-04  1.4651700E-03  1.4535300E-03  2.7877200E-04  2.3833500E-04  0.0000000E+00  0.0000000E+00  0.0000000E+00  1.7483600E-04  2.4111900E-04  1.6133600E-04  1.2686600E-05  9.8375500E-06  0.0000000E+00  0.0000000E+00  0.0000000E+00  0.0000000E+00  1.5264800E-05  2.8346100E-04  1.2889600E-05  3.2836000E-05  0.0000000E+00  0.0000000E+00  0.0000000E+00  0.0000000E+00  0.0000000E+00  1.4282100E-04  4.3284000E-05  3.5822100E-05  0.0000000E+00  0.0000000E+00  0.0000000E+00  0.0000000E+00  0.0000000E+00  0.0000000E+00  6.7844300E-08  5.2237300E-06  0.0000000E+00  0.0000000E+00  0.0000000E+00  0.0000000E+00  0.0000000E+00  0.0000000E+00  0.0000000E+00  1.2211300E-06
76  4.3849705E-02  4.4668900E-03  6.6237800E-03  4.3537100E-03  1.7747200E-03  1.4150700E-03  9.9182600E-04  8.0971400E-05  6.5628900E-05  0.0000000E+00  4.3178100E-04  8.0163900E-03  1.1298500E-03  1.6207500E-04  1.5206400E-03  8.5180900E-05  2.3754600E-04  0.0000000E+00  0.0000000E+00  3.5582500E-03  6.8375600E-04  1.4090900E-03  1.3947800E-03  2.6814400E-04  2.2835100E-04  0.0000000E+00  0.0000000E+00  0.0000000E+00  1.7340000E-04  2.4227200E-04  1.5721700E-04  1.2427000E-05  9.5145600E-06  0.0000000E+00  0.0000000E+00  0.0000000E+00  0.0000000E+00  1.4822500E-05  2.7438300E-04  1.2686400E-05  3.1714600E-05  0.0000000E+00  0.0000000E+00  0.0000000E+00  0.0000000E+00  0.0000000E+00  1.3793100E-04  4.1876300E-05  3.4564800E-05  0.0000000E+00  0.0000000E+00  0.0000000E+00  0.0000000E+00  0.0000000E+00  0.0000000E+00  6.4725300E-08  4.9833900E-06  0.0000000E+00  0.0000000E+00  0.0000000E+00  0.0000000E+00  0.0000000E+00  0.0000000E+00  0.0000000E+00  1.1650600E-06
77  4.2820157E-02  4.4080000E-03  6.6141400E-03  4.2120600E-03  1.7558900E-03  1.4163500E-03  9.6446500E-04  7.9297100E-05  6.3290200E-05  0.0000000E+00  4.1715600E-04  7.6961400E-03  1.1337500E-03  1.5685100E-04  1.4693000E-03  8.2998900E-05  2.2898500E-04  0.0000000E+00  0.0000000E+00  3.3974900E-03  6.6283100E-04  1.3570200E-03  1.3402000E-03  2.5765800E-04  2.1854500E-04  0.0000000E+00  0.0000000E+00  0.0000000E+00  1.7206600E-04  2.4369300E-04  1.5327800E-04  1.2237300E-05  9.2089900E-06  0.0000000E+00  0.0000000E+00  0.0000000E+00  0.0000000E+00  1.4338800E-05  2.6599200E-04  1.2422300E-05  3.0593100E-05  0.0000000E+00  0.0000000E+00  0.0000000E+00  0.0000000E+00  0.0000000E+00  1.3337100E-04  4.0542800E-05  3.3313400E-05  0.0000000E+00  0.0000000E+00  0.0000000E+00  0.0000000E+00  0.0000000E+00  0.0000000E+00  6.1804800E-08  4.8209300E-06  0.0000000E+00  0.0000000E+00  0.0000000E+00  0.0000000E+00  0.0000000E+00  0.0000000E+00  0.0000000E+00  1.1125100E-06
78  4.1880298E-02  4.3505400E-03  6.6158700E-03  4.0790400E-03  1.7391700E-03  1.4195100E-03  9.3926100E-04  7.7659900E-05  6.1066200E-05  0.0000000E+00  4.0360700E-04  7.4008700E-03  1.1395100E-03  1.5189900E-04  1.4206800E-03  8.0968200E-05  2.2081400E-04  0.0000000E+00  0.0000000E+00  3.2492300E-03  6.4361000E-04  1.3068600E-03  1.2882400E-03  2.4798700E-04  2.0929300E-04  0.0000000E+00  0.0000000E+00  0.0000000E+00  1.7096700E-04  2.4531600E-04  1.4952800E-04  1.1988800E-05  8.8582900E-06  0.0000000E+00  0.0000000E+00  0.0000000E+00  0.0000000E+00  1.3878300E-05  2.5766300E-04  1.2224300E-05  2.9527300E-05  0.0000000E+00  0.0000000E+00  0.0000000E+00  0.0000000E+00  0.0000000E+00  1.2892000E-04  3.9331300E-05  3.2127700E-05  0.0000000E+00  0.0000000E+00  0.0000000E+00  0.0000000E+00  0.0000000E+00  0.0000000E+00  5.9057800E-08  4.6653800E-06  0.0000000E+00  0.0000000E+00  0.0000000E+00  0.0000000E+00  0.0000000E+00  0.0000000E+00  0.0000000E+00  1.1221500E-06
79  4.0999557E-02  4.3025500E-03  6.6214900E-03  3.9530100E-03  1.7240800E-03  1.4236700E-03  9.1483000E-04  7.6136600E-05  5.8965800E-05  0.0000000E+00  3.9062700E-04  7.1170700E-03  1.1461100E-03  1.4724700E-04  1.3748400E-03  7.9017900E-05  2.1299100E-04  0.0000000E+00  0.0000000E+00  3.1072300E-03  6.2505900E-04  1.2602000E-03  1.2397600E-03  2.3859100E-04  2.0056600E-04  0.0000000E+00  0.0000000E+00  0.0000000E+00  1.6996500E-04  2.4722200E-04  1.4594900E-04  1.1804600E-05  8.5855900E-06  0.0000000E+00  0.0000000E+00  0.0000000E+00  0.0000000E+00  1.3500200E-05  2.5011700E-04  1.2031400E-05  2.8524100E-05  0.0000000E+00  0.0000000E+00  0.0000000E+00  0.0000000E+00  0.0000000E+00  1.2483500E-04  3.8069900E-05  3.1010100E-05  0.0000000E+00  0.0000000E+00  0.0000000E+00  0.0000000E+00  0.0000000E+00  0.0000000E+00  5.6482500E-08  4.4620900E-06  0.0000000E+00  0.0000000E+00  0.0000000E+00  0.0000000E+00  0.0000000E+00  0.0000000E+00  0.0000000E+00  1.0731500E-06
80  4.0179644E-02  4.2553400E-03  6.6383900E-03  3.8342500E-03  1.7106900E-03  1.4298900E-03  8.9218500E-04  7.4628600E-05  5.6901400E-05  0.0000000E+00  3.7811700E-04  6.8471000E-03  1.1544500E-03  1.4288600E-04  1.3300400E-03  7.7278900E-05  2.0573200E-04  0.0000000E+00  0.0000000E+00  2.9724700E-03  6.0769300E-04  1.2148100E-03  1.1928400E-03  2.2978500E-04  1.9244000E-04  0.0000000E+00  0.0000000E+00  0.0000000E+00  1.6909200E-04  2.4928400E-04  1.4261100E-04  1.1564900E-05  8.3221900E-06  0.0000000E+00  0.0000000E+00  0.0000000E+00  0.0000000E+00  1.3132200E-05  2.4259100E-04  1.1834700E-05  2.7560800E-05  0.0000000E+00  0.0000000E+00  0.0000000E+00  0.0000000E+00  0.0000000E+00  1.2083200E-04  3.6964000E-05  2.9940500E-05  0.0000000E+00  0.0000000E+00  0.0000000E+00  0.0000000E+00  0.0000000E+00  0.0000000E+00  5.4042000E-08  4.3233100E-06  0.0000000E+00  0.0000000E+00  0.0000000E+00  0.0000000E+00  0.0000000E+00  0.0000000E+00  0.0000000E+00  1.0267400E-06
81  3.9409494E-02  4.2148200E-03  6.6553700E-03  3.7201700E-03  1.6981900E-03  1.4361100E-03  8.6979600E-04  7.3147700E-05  5.4940100E-05  0.0000000E+00  3.6637600E-04  6.5920200E-03  1.1628700E-03  1.3864300E-04  1.2884500E-03  7.5477500E-05  1.9854100E-04  0.0000000E+00  0.0000000E+00  2.8453200E-03  5.9071300E-04  1.1723200E-03  1.1488200E-03  2.2110300E-04  1.8443000E-04  0.0000000E+00  0.0000000E+00  0.0000000E+00  1.6828800E-04  2.5152900E-04  1.3931000E-04  1.1380800E-05  8.0187400E-06  0.0000000E+00  0.0000000E+00  0.0000000E+00  0.0000000E+00  1.2725800E-05  2.3563700E-04  1.1639600E-05  2.6642800E-05  0.0000000E+00  0.0000000E+00  0.0000000E+00  0.0000000E+00  0.0000000E+00  1.1712700E-04  3.5799300E-05  2.8868000E-05  0.0000000E+00  0.0000000E+00  0.0000000E+00  0.0000000E+00  0.0000000E+00  0.0000000E+00  1.0346000E-07  4.1387100E-06  0.0000000E+00  0.0000000E+00  0.0000000E+00  0.0000000E+00  0.0000000E+00  0.0000000E+00  0.0000000E+00  9.8290400E-07
82  3.8689595E-02  4.1749800E-03  6.6832400E-03  3.6124600E-03  1.6871400E-03  1.4441100E-03  8.4893100E-04  7.1723100E-05  5.3000300E-05  0.0000000E+00  3.5494900E-04  6.3474500E-03  1.1728000E-03  1.3462600E-04  1.2474300E-03  7.3854400E-05  1.9185100E-04  0.0000000E+00  0.0000000E+00  2.7241800E-03  5.7489600E-04  1.1307800E-03  1.1061500E-03  2.1303200E-04  1.7693500E-04  0.0000000E+00  0.0000000E+00  0.0000000E+00  1.6766700E-04  2.5390400E-04  1.3621400E-04  1.1194400E-05  7.7766700E-06  0.0000000E+00  0.0000000E+00  0.0000000E+00  0.0000000E+00  1.2382400E-05  2.2868100E-04  1.1491300E-05  2.5757400E-05  0.0000000E+00  0.0000000E+00  0.0000000E+00  0.0000000E+00  0.0000000E+00  1.1347800E-04  3.4722600E-05  2.7887600E-05  0.0000000E+00  0.0000000E+00  0.0000000E+00  0.0000000E+00  0.0000000E+00  0.0000000E+00  9.9062900E-08  4.0120400E-06  0.0000000E+00  0.0000000E+00  0.0000000E+00  0.0000000E+00  0.0000000E+00  0.0000000E+00  0.0000000E+00  9.4113100E-07
83  3.8019862E-02  4.1414900E-03  6.7123000E-03  3.5088600E-03  1.6771200E-03  1.4526100E-03  8.2843900E-04  7.0335600E-05  5.1211800E-05  0.0000000E+00  3.4430900E-04  6.1171700E-03  1.1832500E-03  1.3076200E-04  1.2096600E-03  7.2239800E-05  1.8521200E-04  0.0000000E+00  0.0000000E+00  2.6100900E-03  5.5938400E-04  1.0920100E-03  1.0663800E-03  2.0509300E-04  1.6962800E-04  0.0000000E+00  0.0000000E+00  0.0000000E+00  1.6701700E-04  2.5652800E-04  1.3318300E-04  1.1011400E-05  7.4989600E-06  0.0000000E+00  0.0000000E+00  0.0000000E+00  0.0000000E+00  1.2008300E-05  2.2227100E-04  1.1296300E-05  2.4869100E-05  0.0000000E+00  0.0000000E+00  0.0000000E+00  0.0000000E+00  0.0000000E+00  1.1007300E-04  3.3651100E-05  2.6911300E-05  0.0000000E+00  0.0000000E+00  0.0000000E+00  0.0000000E+00  0.0000000E+00  0.0000000E+00  9.4925800E-08  3.8445800E-06  0.0000000E+00  0.0000000E+00  0.0000000E+00  0.0000000E+00  0.0000000E+00  0.0000000E+00  0.0000000E+00  9.0179900E-07
84  3.7380022E-02  4.1092300E-03  6.7439200E-03  3.4084300E-03  1.6675800E-03  1.4616500E-03  8.0847200E-04  6.8994300E-05  4.9435700E-05  0.0000000E+00  3.3394200E-04  5.8954900E-03  1.1942100E-03  1.2702100E-04  1.1731000E-03  7.0624700E-05  1.7872800E-04  0.0000000E+00  0.0000000E+00  2.5012800E-03  5.4436000E-04  1.0546700E-03  1.0280100E-03  1.9732900E-04  1.6254100E-04  0.0000000E+00  0.0000000E+00  0.0000000E+00  1.6644500E-04  2.5927000E-04  1.3020300E-04  1.0823600E-05  7.2762400E-06  0.0000000E+00  0.0000000E+00  0.0000000E+00  0.0000000E+00  1.1687500E-05  2.1602400E-04  1.1141800E-05  2.4012700E-05  0.0000000E+00  0.0000000E+00  0.0000000E+00  0.0000000E+00  0.0000000E+00  1.0673700E-04  3.2606800E-05  2.5921600E-05  0.0000000E+00  0.0000000E+00  0.0000000E+00  0.0000000E+00  0.0000000E+00  0.0000000E+00  9.0958100E-08  3.7292700E-06  0.0000000E+00  0.0000000E+00  0.0000000E+00  0.0000000E+00  0.0000000E+00  0.0000000E+00  0.0000000E+00  8.6405400E-07
85  3.6780157E-02  4.0781800E-03  6.7852600E-03  3.3133400E-03  1.6594100E-03  1.4721100E-03  7.8970400E-04  6.7635100E-05  4.7678600E-05  0.0000000E+00  3.2387100E-04  5.6816900E-03  1.2062800E-03  1.2345300E-04  1.1368100E-03  6.9115700E-05  1.7270700E-04  0.0000000E+00  0.0000000E+00  2.3965800E-03  5.3024300E-04  1.0177800E-03  9.9059800E-04  1.9005200E-04  1.5587700E-04  0.0000000E+00  0.0000000E+00  0.0000000E+00  1.6602300E-04  2.6203900E-04  1.2737600E-04  1.0633100E-05  7.0159600E-06  0.0000000E+00  0.0000000E+00  0.0000000E+00  0.0000000E+00  1.1373600E-05  2.0978500E-04  1.0981900E-05  2.3183500E-05  0.0000000E+00  0.0000000E+00  0.0000000E+00  0.0000000E+00  0.0000000E+00  1.0349900E-04  3.1595100E-05  2.5057900E-05  0.0000000E+00  0.0000000E+00  0.0000000E+00  0.0000000E+00  0.0000000E+00  0.0000000E+00  8.7156400E-08  3.5734300E-06  0.0000000E+00  0.0000000E+00  0.0000000E+00  0.0000000E+00  0.0000000E+00  0.0000000E+00  0.0000000E+00  8.7156100E-07
86  3.6199725E-02  4.0488800E-03  6.8225300E-03  3.2191700E-03  1.6505700E-03  1.4821100E-03  7.7072500E-04  6.6313300E-05  4.6019800E-05  0.0000000E+00  3.1424100E-04  5.4773400E-03  1.2182100E-03  1.1993200E-04  1.1027400E-03  6.7609600E-05  1.6662600E-04  0.0000000E+00  0.0000000E+00  2.2971400E-03  5.1613000E-04  9.8297100E-04  9.5527700E-04  1.8283200E-04  1.4929400E-04  0.0000000E+00  0.0000000E+00  0.0000000E+00  1.6550000E-04  2.6492000E-04  1.2452700E-04  1.0440000E-05  6.8070200E-06  0.0000000E+00  0.0000000E+00  0.0000000E+00  0.0000000E+00  1.1024700E-05  2.0386600E-04  1.0816100E-05  2.2383800E-05  0.0000000E+00  0.0000000E+00  0.0000000E+00  0.0000000E+00  0.0000000E+00  1.0039100E-04  3.0608400E-05  2.4137500E-05  0.0000000E+00  0.0000000E+00  0.0000000E+00  0.0000000E+00  0.0000000E+00  0.0000000E+00  8.3519800E-08  3.4243200E-06  0.0000000E+00  0.0000000E+00  0.0000000E+00  0.0000000E+00  0.0000000E+00  0.0000000E+00  0.0000000E+00  8.3520400E-07
87  3.5586072E-02  4.0190600E-03  6.8663600E-03  3.1285600E-03  1.6426500E-03  1.4928800E-03  7.5257200E-04  6.4917800E-05  4.4317600E-05  0.0000000E+00  3.0474400E-04  5.2772000E-03  1.2307300E-03  1.1659900E-04  1.0683600E-03  6.6159000E-05  1.6083000E-04  0.0000000E+00  0.0000000E+00  2.2003700E-03  5.0263100E-04  9.4809300E-04  9.2015700E-04  1.7587200E-04  1.4307000E-04  0.0000000E+00  0.0000000E+00  0.0000000E+00  1.6507500E-04  2.6770500E-04  1.2175300E-04  1.0239400E-05  6.5598800E-06  0.0000000E+00  0.0000000E+00  0.0000000E+00  0.0000000E+00  1.0719500E-05  1.9791200E-04  1.0639300E-05  2.1599300E-05  0.0000000E+00  0.0000000E+00  0.0000000E+00  0.0000000E+00  0.0000000E+00  9.7276800E-05  2.9638700E-05  2.3280000E-05  0.0000000E+00  0.0000000E+00  0.0000000E+00  0.0000000E+00  0.0000000E+00  0.0000000E+00  7.9992700E-08  3.3197700E-06  0.0000000E+00  0.0000000E+00  0.0000000E+00  0.0000000E+00  0.0000000E+00  0.0000000E+00  0.0000000E+00  7.9992400E-07
88  3.4940804E-02  3.9750700E-03  6.8872600E-03  3.0282100E-03  1.6391800E-03  1.5103000E-03  7.3593200E-04  6.3818800E-05  4.2874600E-05  0.0000000E+00  2.9471400E-04  5.0667900E-03  1.2477600E-03  1.1365900E-04  1.0402400E-03  6.3932700E-05  1.5404700E-04  0.0000000E+00  0.0000000E+00  2.1036900E-03  4.9094800E-04  9.1909600E-04  8.9147400E-04  1.6771500E-04  1.3555100E-04  0.0000000E+00  0.0000000E+00  0.0000000E+00  1.6706400E-04  2.7534200E-04  1.2074900E-04  1.0188100E-05  6.4008400E-06  0.0000000E+00  0.0000000E+00  0.0000000E+00  0.0000000E+00  1.0566800E-05  1.9481800E-04  1.0453100E-05  2.0868400E-05  0.0000000E+00  0.0000000E+00  0.0000000E+00  0.0000000E+00  0.0000000E+00  9.5555500E-05  2.8784300E-05  2.2384600E-05  0.0000000E+00  0.0000000E+00  0.0000000E+00  0.0000000E+00  0.0000000E+00  0.0000000E+00  0.0000000E+00  0.0000000E+00  0.0000000E+00  0.0000000E+00  0.0000000E+00  0.0000000E+00  0.0000000E+00  0.0000000E+00  0.0000000E+00  0.0000000E+00
89  3.3501818E-02  3.9453600E-03  6.9310900E-03  2.9408900E-03  1.6312900E-03  1.5206900E-03  7.1799400E-04  6.2379600E-05  4.1248100E-05  0.0000000E+00  2.8562700E-04  4.8795800E-03  1.2604100E-03  1.1040900E-04  1.0070000E-03  6.2599700E-05  1.4843800E-04  0.0000000E+00  0.0000000E+00  2.0139600E-03  4.7769200E-04  8.8564900E-04  8.5803000E-04  1.6132700E-04  1.2973200E-04  0.0000000E+00  0.0000000E+00  0.0000000E+00  1.6659300E-04  2.7812400E-04  1.1795500E-04  9.9679200E-06  6.1980400E-06  0.0000000E+00  0.0000000E+00  0.0000000E+00  0.0000000E+00  0.0000000E+00  0.0000000E+00  0.0000000E+00  0.0000000E+00  0.0000000E+00  0.0000000E+00  0.0000000E+00  0.0000000E+00  0.0000000E+00  0.0000000E+00  0.0000000E+00  0.0000000E+00  0.0000000E+00  0.0000000E+00  0.0000000E+00  0.0000000E+00  0.0000000E+00  0.0000000E+00  0.0000000E+00  0.0000000E+00  0.0000000E+00  0.0000000E+00  0.0000000E+00  0.0000000E+00  0.0000000E+00  0.0000000E+00  0.0000000E+00  0.0000000E+00
90  3.2583581E-02  3.9173600E-03  6.9702500E-03  2.8540900E-03  1.6219900E-03  1.5306900E-03  6.9988100E-04  6.1012500E-05  3.9680800E-05  0.0000000E+00  2.7683800E-04  4.6989400E-03  1.2727100E-03  1.0714600E-04  9.7577900E-04  6.1150900E-05  1.4282900E-04  0.0000000E+00  0.0000000E+00  1.9280900E-03  4.6440400E-04  8.5376200E-04  8.2621700E-04  1.5480100E-04  1.2389500E-04  0.0000000E+00  0.0000000E+00  0.0000000E+00  1.6600600E-04  0.0000000E+00  0.0000000E+00  0.0000000E+00  0.0000000E+00  0.0000000E+00  0.0000000E+00  0.0000000E+00  0.0000000E+00  0.0000000E+00  0.0000000E+00  0.0000000E+00  0.0000000E+00  0.0000000E+00  0.0000000E+00  0.0000000E+00  0.0000000E+00  0.0000000E+00  0.0000000E+00  0.0000000E+00  0.0000000E+00  0.0000000E+00  0.0000000E+00  0.0000000E+00  0.0000000E+00  0.0000000E+00  0.0000000E+00  0.0000000E+00  0.0000000E+00  0.0000000E+00  0.0000000E+00  0.0000000E+00  0.0000000E+00  0.0000000E+00  0.0000000E+00  0.0000000E+00  0.0000000E+00
91  3.1903140E-02  3.8868900E-03  7.0052000E-03  2.7669300E-03  1.6118200E-03  1.5399900E-03  6.8154600E-04  5.9579700E-05  3.8128400E-05  0.0000000E+00  2.6804200E-04  4.5208500E-03  1.2845100E-03  1.0391400E-04  9.4466900E-04  5.9683300E-05  1.3731000E-04  0.0000000E+00  0.0000000E+00  1.8441600E-03  4.5104800E-04  8.2211800E-04  7.9473600E-04  1.4841700E-04  1.1820200E-04  0.0000000E+00  0.0000000E+00  0.0000000E+00  0.0000000E+00  0.0000000E+00  0.0000000E+00  0.0000000E+00  0.0000000E+00  0.0000000E+00  0.0000000E+00  0.0000000E+00  0.0000000E+00  0.0000000E+00  0.0000000E+00  0.0000000E+00  0.0000000E+00  0.0000000E+00  0.0000000E+00  0.0000000E+00  0.0000000E+00  0.0000000E+00  0.0000000E+00  0.0000000E+00  0.0000000E+00  0.0000000E+00  0.0000000E+00  0.0000000E+00  0.0000000E+00  0.0000000E+00  0.0000000E+00  0.0000000E+00  0.0000000E+00  0.0000000E+00  0.0000000E+00  0.0000000E+00  0.0000000E+00  0.0000000E+00  0.0000000E+00  0.0000000E+00  0.0000000E+00
92  3.1389775E-02  3.8531500E-03  7.0416800E-03  2.6816900E-03  1.6017900E-03  1.5483800E-03  6.6342000E-04  5.8091000E-05  3.6565500E-05  0.0000000E+00  2.5928500E-04  4.3444600E-03  1.2955500E-03  1.0073600E-04  9.1257800E-04  5.8346400E-05  1.3198400E-04  0.0000000E+00  0.0000000E+00  1.7615100E-03  4.3795500E-04  7.9045800E-04  7.6330300E-04  1.4237000E-04  1.1282900E-04  0.0000000E+00  0.0000000E+00  0.0000000E+00  0.0000000E+00  0.0000000E+00  0.0000000E+00  0.0000000E+00  0.0000000E+00  0.0000000E+00  0.0000000E+00  0.0000000E+00  0.0000000E+00  0.0000000E+00  0.0000000E+00  0.0000000E+00  0.0000000E+00  0.0000000E+00  0.0000000E+00  0.0000000E+00  0.0000000E+00  0.0000000E+00  0.0000000E+00  0.0000000E+00  0.0000000E+00  0.0000000E+00  0.0000000E+00  0.0000000E+00  0.0000000E+00  0.0000000E+00  0.0000000E+00  0.0000000E+00  0.0000000E+00  0.0000000E+00  0.0000000E+00  0.0000000E+00  0.0000000E+00  0.0000000E+00  0.0000000E+00  0.0000000E+00  0.0000000E+00
93  3.0187702E-02  3.8198300E-03  7.0710600E-03  2.5957900E-03  1.5900200E-03  1.5561800E-03  6.4494700E-04  5.6586700E-05  3.5076100E-05  0.0000000E+00  2.5068400E-04  4.1738000E-03  1.3059800E-03  9.7557500E-05  8.8209200E-04  5.6861100E-05  1.2662300E-04  0.0000000E+00  0.0000000E+00  1.6819400E-03  4.2468100E-04  7.5983100E-04  7.3298900E-04  1.3620400E-04  1.0740500E-04  0.0000000E+00  0.0000000E+00  0.0000000E+00  0.0000000E+00  0.0000000E+00  0.0000000E+00  0.0000000E+00  0.0000000E+00  0.0000000E+00  0.0000000E+00  0.0000000E+00  0.0000000E+00  0.0000000E+00  0.0000000E+00  0.0000000E+00  0.0000000E+00  0.0000000E+00  0.0000000E+00  0.0000000E+00  0.0000000E+00  0.0000000E+00  0.0000000E+00  0.0000000E+00  0.0000000E+00  0.0000000E+00  0.0000000E+00  0.0000000E+00  0.0000000E+00  0.0000000E+00  0.0000000E+00  0.0000000E+00  0.0000000E+00  0.0000000E+00  0.0000000E+00  0.0000000E+00  0.0000000E+00  0.0000000E+00  0.0000000E+00  0.0000000E+00  0.0000000E+00
94  2.9439299E-02  3.7808300E-03  7.0982500E-03  2.5098200E-03  1.5774000E-03  1.5619500E-03  6.2634400E-04  5.4962500E-05  3.3524600E-05  0.0000000E+00  2.4165600E-04  3.9985700E-03  1.3130800E-03  9.4585500E-05  8.5044100E-04  5.5135400E-05  1.2177500E-04  0.0000000E+00  0.0000000E+00  1.6017300E-03  4.1147600E-04  7.2933100E-04  7.0263300E-04  0.0000000E+00  0.0000000E+00  0.0000000E+00  0.0000000E+00  0.0000000E+00  0.0000000E+00  0.0000000E+00  0.0000000E+00  0.0000000E+00  0.0000000E+00  0.0000000E+00  0.0000000E+00  0.0000000E+00  0.0000000E+00  0.0000000E+00  0.0000000E+00  0.0000000E+00  0.0000000E+00  0.0000000E+00  0.0000000E+00  0.0000000E+00  0.0000000E+00  0.0000000E+00  0.0000000E+00  0.0000000E+00  0.0000000E+00  0.0000000E+00  0.0000000E+00  0.0000000E+00  0.0000000E+00  0.0000000E+00  0.0000000E+00  0.0000000E+00  0.0000000E+00  0.0000000E+00  0.0000000E+00  0.0000000E+00  0.0000000E+00  0.0000000E+00  0.0000000E+00  0.0000000E+00  0.0000000E+00
95  1.7095598E-02  3.7401300E-03  7.1124500E-03  2.4222400E-03  1.5621700E-03  1.5661700E-03  6.0706800E-04  5.3364200E-05  3.2005900E-05  0.0000000E+00  0.0000000E+00  0.0000000E+00  0.0000000E+00  0.0000000E+00  0.0000000E+00  0.0000000E+00  0.0000000E+00  0.0000000E+00  0.0000000E+00  0.0000000E+00  0.0000000E+00  0.0000000E+00  0.0000000E+00  0.0000000E+00  0.0000000E+00  0.0000000E+00  0.0000000E+00  0.0000000E+00  0.0000000E+00  0.0000000E+00  0.0000000E+00  0.0000000E+00  0.0000000E+00  0.0000000E+00  0.0000000E+00  0.0000000E+00  0.0000000E+00  0.0000000E+00  0.0000000E+00  0.0000000E+00  0.0000000E+00  0.0000000E+00  0.0000000E+00  0.0000000E+00  0.0000000E+00  0.0000000E+00  0.0000000E+00  0.0000000E+00  0.0000000E+00  0.0000000E+00  0.0000000E+00  0.0000000E+00  0.0000000E+00  0.0000000E+00  0.0000000E+00  0.0000000E+00  0.0000000E+00  0.0000000E+00  0.0000000E+00  0.0000000E+00  0.0000000E+00  0.0000000E+00  0.0000000E+00  0.0000000E+00  0.0000000E+00
96  1.6853295E-02  3.6936000E-03  7.1226400E-03  2.3351000E-03  1.5462500E-03  1.5680000E-03  5.8770500E-04  0.0000000E+00  0.0000000E+00  0.0000000E+00  0.0000000E+00  0.0000000E+00  0.0000000E+00  0.0000000E+00  0.0000000E+00  0.0000000E+00  0.0000000E+00  0.0000000E+00  0.0000000E+00  0.0000000E+00  0.0000000E+00  0.0000000E+00  0.0000000E+00  0.0000000E+00  0.0000000E+00  0.0000000E+00  0.0000000E+00  0.0000000E+00  0.0000000E+00  0.0000000E+00  0.0000000E+00  0.0000000E+00  0.0000000E+00  0.0000000E+00  0.0000000E+00  0.0000000E+00  0.0000000E+00  0.0000000E+00  0.0000000E+00  0.0000000E+00  0.0000000E+00  0.0000000E+00  0.0000000E+00  0.0000000E+00  0.0000000E+00  0.0000000E+00  0.0000000E+00  0.0000000E+00  0.0000000E+00  0.0000000E+00  0.0000000E+00  0.0000000E+00  0.0000000E+00  0.0000000E+00  0.0000000E+00  0.0000000E+00  0.0000000E+00  0.0000000E+00  0.0000000E+00  0.0000000E+00  0.0000000E+00  0.0000000E+00  0.0000000E+00  0.0000000E+00  0.0000000E+00
97  1.2722560E-02  3.5643300E-03  6.9615700E-03  2.1966600E-03  0.0000000E+00  0.0000000E+00  0.0000000E+00  0.0000000E+00  0.0000000E+00  0.0000000E+00  0.0000000E+00  0.0000000E+00  0.0000000E+00  0.0000000E+00  0.0000000E+00  0.0000000E+00  0.0000000E+00  0.0000000E+00  0.0000000E+00  0.0000000E+00  0.0000000E+00  0.0000000E+00  0.0000000E+00  0.0000000E+00  0.0000000E+00  0.0000000E+00  0.0000000E+00  0.0000000E+00  0.0000000E+00  0.0000000E+00  0.0000000E+00  0.0000000E+00  0.0000000E+00  0.0000000E+00  0.0000000E+00  0.0000000E+00  0.0000000E+00  0.0000000E+00  0.0000000E+00  0.0000000E+00  0.0000000E+00  0.0000000E+00  0.0000000E+00  0.0000000E+00  0.0000000E+00  0.0000000E+00  0.0000000E+00  0.0000000E+00  0.0000000E+00  0.0000000E+00  0.0000000E+00  0.0000000E+00  0.0000000E+00  0.0000000E+00  0.0000000E+00  0.0000000E+00  0.0000000E+00  0.0000000E+00  0.0000000E+00  0.0000000E+00  0.0000000E+00  0.0000000E+00  0.0000000E+00  0.0000000E+00  0.0000000E+00
98  1.2840420E-02  3.5873400E-03  7.0983600E-03  2.1547200E-03  0.0000000E+00  0.0000000E+00  0.0000000E+00  0.0000000E+00  0.0000000E+00  0.0000000E+00  0.0000000E+00  0.0000000E+00  0.0000000E+00  0.0000000E+00  0.0000000E+00  0.0000000E+00  0.0000000E+00  0.0000000E+00  0.0000000E+00  0.0000000E+00  0.0000000E+00  0.0000000E+00  0.0000000E+00  0.0000000E+00  0.0000000E+00  0.0000000E+00  0.0000000E+00  0.0000000E+00  0.0000000E+00  0.0000000E+00  0.0000000E+00  0.0000000E+00  0.0000000E+00  0.0000000E+00  0.0000000E+00  0.0000000E+00  0.0000000E+00  0.0000000E+00  0.0000000E+00  0.0000000E+00  0.0000000E+00  0.0000000E+00  0.0000000E+00  0.0000000E+00  0.0000000E+00  0.0000000E+00  0.0000000E+00  0.0000000E+00  0.0000000E+00  0.0000000E+00  0.0000000E+00  0.0000000E+00  0.0000000E+00  0.0000000E+00  0.0000000E+00  0.0000000E+00  0.0000000E+00  0.0000000E+00  0.0000000E+00  0.0000000E+00  0.0000000E+00  0.0000000E+00  0.0000000E+00  0.0000000E+00  0.0000000E+00
99  1.2396410E-02  3.4514600E-03  6.9241200E-03  2.0208300E-03  0.0000000E+00  0.0000000E+00  0.0000000E+00  0.0000000E+00  0.0000000E+00  0.0000000E+00  0.0000000E+00  0.0000000E+00  0.0000000E+00  0.0000000E+00  0.0000000E+00  0.0000000E+00  0.0000000E+00  0.0000000E+00  0.0000000E+00  0.0000000E+00  0.0000000E+00  0.0000000E+00  0.0000000E+00  0.0000000E+00  0.0000000E+00  0.0000000E+00  0.0000000E+00  0.0000000E+00  0.0000000E+00  0.0000000E+00  0.0000000E+00  0.0000000E+00  0.0000000E+00  0.0000000E+00  0.0000000E+00  0.0000000E+00  0.0000000E+00  0.0000000E+00  0.0000000E+00  0.0000000E+00  0.0000000E+00  0.0000000E+00  0.0000000E+00  0.0000000E+00  0.0000000E+00  0.0000000E+00  0.0000000E+00  0.0000000E+00  0.0000000E+00  0.0000000E+00  0.0000000E+00  0.0000000E+00  0.0000000E+00  0.0000000E+00  0.0000000E+00  0.0000000E+00  0.0000000E+00  0.0000000E+00  0.0000000E+00  0.0000000E+00  0.0000000E+00  0.0000000E+00  0.0000000E+00  0.0000000E+00  0.0000000E+00
100  1.2451410E-02  3.4565300E-03  7.0246600E-03  1.9702200E-03  0.0000000E+00  0.0000000E+00  0.0000000E+00  0.0000000E+00  0.0000000E+00  0.0000000E+00  0.0000000E+00  0.0000000E+00  0.0000000E+00  0.0000000E+00  0.0000000E+00  0.0000000E+00  0.0000000E+00  0.0000000E+00  0.0000000E+00  0.0000000E+00  0.0000000E+00  0.0000000E+00  0.0000000E+00  0.0000000E+00  0.0000000E+00  0.0000000E+00  0.0000000E+00  0.0000000E+00  0.0000000E+00  0.0000000E+00  0.0000000E+00  0.0000000E+00  0.0000000E+00  0.0000000E+00  0.0000000E+00  0.0000000E+00  0.0000000E+00  0.0000000E+00  0.0000000E+00  0.0000000E+00  0.0000000E+00  0.0000000E+00  0.0000000E+00  0.0000000E+00  0.0000000E+00  0.0000000E+00  0.0000000E+00  0.0000000E+00  0.0000000E+00  0.0000000E+00  0.0000000E+00  0.0000000E+00  0.0000000E+00  0.0000000E+00  0.0000000E+00  0.0000000E+00  0.0000000E+00  0.0000000E+00  0.0000000E+00  0.0000000E+00  0.0000000E+00  0.0000000E+00  0.0000000E+00  0.0000000E+00  0.0000000E+00

