#F EADL97_MShellNonradiativeRates.dat
#U00 This file is a conversion to specfile format of 
#U01 directly extracted EADL97 nonradiative transition probabilities.
#U02 EADL itself can be found at:
#U03           http://www-nds.iaea.org/epdl97/libsall.htm
#U04 The code used to generate this file has been:
#U05 GenerateEADLShellNonradiativeRates.py
#U06

#S 1 M1-Shell nonradiative rates
#N 18
#L Z  TOTAL  M1-M2M2  M1-M2M3  M1-M2M4  M1-M2M5  M1-M3M2  M1-M3M3  M1-M3M4  M1-M3M5  M1-M4M2  M1-M4M3  M1-M4M4  M1-M4M5  M1-M5M2  M1-M5M3  M1-M5M4  M1-M5M5
1  0.0000000E+00  0.0000000E+00  0.0000000E+00  0.0000000E+00  0.0000000E+00  0.0000000E+00  0.0000000E+00  0.0000000E+00  0.0000000E+00  0.0000000E+00  0.0000000E+00  0.0000000E+00  0.0000000E+00  0.0000000E+00  0.0000000E+00  0.0000000E+00  0.0000000E+00
2  0.0000000E+00  0.0000000E+00  0.0000000E+00  0.0000000E+00  0.0000000E+00  0.0000000E+00  0.0000000E+00  0.0000000E+00  0.0000000E+00  0.0000000E+00  0.0000000E+00  0.0000000E+00  0.0000000E+00  0.0000000E+00  0.0000000E+00  0.0000000E+00  0.0000000E+00
3  0.0000000E+00  0.0000000E+00  0.0000000E+00  0.0000000E+00  0.0000000E+00  0.0000000E+00  0.0000000E+00  0.0000000E+00  0.0000000E+00  0.0000000E+00  0.0000000E+00  0.0000000E+00  0.0000000E+00  0.0000000E+00  0.0000000E+00  0.0000000E+00  0.0000000E+00
4  0.0000000E+00  0.0000000E+00  0.0000000E+00  0.0000000E+00  0.0000000E+00  0.0000000E+00  0.0000000E+00  0.0000000E+00  0.0000000E+00  0.0000000E+00  0.0000000E+00  0.0000000E+00  0.0000000E+00  0.0000000E+00  0.0000000E+00  0.0000000E+00  0.0000000E+00
5  0.0000000E+00  0.0000000E+00  0.0000000E+00  0.0000000E+00  0.0000000E+00  0.0000000E+00  0.0000000E+00  0.0000000E+00  0.0000000E+00  0.0000000E+00  0.0000000E+00  0.0000000E+00  0.0000000E+00  0.0000000E+00  0.0000000E+00  0.0000000E+00  0.0000000E+00
6  0.0000000E+00  0.0000000E+00  0.0000000E+00  0.0000000E+00  0.0000000E+00  0.0000000E+00  0.0000000E+00  0.0000000E+00  0.0000000E+00  0.0000000E+00  0.0000000E+00  0.0000000E+00  0.0000000E+00  0.0000000E+00  0.0000000E+00  0.0000000E+00  0.0000000E+00
7  0.0000000E+00  0.0000000E+00  0.0000000E+00  0.0000000E+00  0.0000000E+00  0.0000000E+00  0.0000000E+00  0.0000000E+00  0.0000000E+00  0.0000000E+00  0.0000000E+00  0.0000000E+00  0.0000000E+00  0.0000000E+00  0.0000000E+00  0.0000000E+00  0.0000000E+00
8  0.0000000E+00  0.0000000E+00  0.0000000E+00  0.0000000E+00  0.0000000E+00  0.0000000E+00  0.0000000E+00  0.0000000E+00  0.0000000E+00  0.0000000E+00  0.0000000E+00  0.0000000E+00  0.0000000E+00  0.0000000E+00  0.0000000E+00  0.0000000E+00  0.0000000E+00
9  0.0000000E+00  0.0000000E+00  0.0000000E+00  0.0000000E+00  0.0000000E+00  0.0000000E+00  0.0000000E+00  0.0000000E+00  0.0000000E+00  0.0000000E+00  0.0000000E+00  0.0000000E+00  0.0000000E+00  0.0000000E+00  0.0000000E+00  0.0000000E+00  0.0000000E+00
10  0.0000000E+00  0.0000000E+00  0.0000000E+00  0.0000000E+00  0.0000000E+00  0.0000000E+00  0.0000000E+00  0.0000000E+00  0.0000000E+00  0.0000000E+00  0.0000000E+00  0.0000000E+00  0.0000000E+00  0.0000000E+00  0.0000000E+00  0.0000000E+00  0.0000000E+00
11  0.0000000E+00  0.0000000E+00  0.0000000E+00  0.0000000E+00  0.0000000E+00  0.0000000E+00  0.0000000E+00  0.0000000E+00  0.0000000E+00  0.0000000E+00  0.0000000E+00  0.0000000E+00  0.0000000E+00  0.0000000E+00  0.0000000E+00  0.0000000E+00  0.0000000E+00
12  0.0000000E+00  0.0000000E+00  0.0000000E+00  0.0000000E+00  0.0000000E+00  0.0000000E+00  0.0000000E+00  0.0000000E+00  0.0000000E+00  0.0000000E+00  0.0000000E+00  0.0000000E+00  0.0000000E+00  0.0000000E+00  0.0000000E+00  0.0000000E+00  0.0000000E+00
13  0.0000000E+00  0.0000000E+00  0.0000000E+00  0.0000000E+00  0.0000000E+00  0.0000000E+00  0.0000000E+00  0.0000000E+00  0.0000000E+00  0.0000000E+00  0.0000000E+00  0.0000000E+00  0.0000000E+00  0.0000000E+00  0.0000000E+00  0.0000000E+00  0.0000000E+00
14  0.0000000E+00  0.0000000E+00  0.0000000E+00  0.0000000E+00  0.0000000E+00  0.0000000E+00  0.0000000E+00  0.0000000E+00  0.0000000E+00  0.0000000E+00  0.0000000E+00  0.0000000E+00  0.0000000E+00  0.0000000E+00  0.0000000E+00  0.0000000E+00  0.0000000E+00
15  0.0000000E+00  0.0000000E+00  0.0000000E+00  0.0000000E+00  0.0000000E+00  0.0000000E+00  0.0000000E+00  0.0000000E+00  0.0000000E+00  0.0000000E+00  0.0000000E+00  0.0000000E+00  0.0000000E+00  0.0000000E+00  0.0000000E+00  0.0000000E+00  0.0000000E+00
16  0.0000000E+00  0.0000000E+00  0.0000000E+00  0.0000000E+00  0.0000000E+00  0.0000000E+00  0.0000000E+00  0.0000000E+00  0.0000000E+00  0.0000000E+00  0.0000000E+00  0.0000000E+00  0.0000000E+00  0.0000000E+00  0.0000000E+00  0.0000000E+00  0.0000000E+00
17  0.0000000E+00  0.0000000E+00  0.0000000E+00  0.0000000E+00  0.0000000E+00  0.0000000E+00  0.0000000E+00  0.0000000E+00  0.0000000E+00  0.0000000E+00  0.0000000E+00  0.0000000E+00  0.0000000E+00  0.0000000E+00  0.0000000E+00  0.0000000E+00  0.0000000E+00
18  0.0000000E+00  0.0000000E+00  0.0000000E+00  0.0000000E+00  0.0000000E+00  0.0000000E+00  0.0000000E+00  0.0000000E+00  0.0000000E+00  0.0000000E+00  0.0000000E+00  0.0000000E+00  0.0000000E+00  0.0000000E+00  0.0000000E+00  0.0000000E+00  0.0000000E+00
19  0.0000000E+00  0.0000000E+00  0.0000000E+00  0.0000000E+00  0.0000000E+00  0.0000000E+00  0.0000000E+00  0.0000000E+00  0.0000000E+00  0.0000000E+00  0.0000000E+00  0.0000000E+00  0.0000000E+00  0.0000000E+00  0.0000000E+00  0.0000000E+00  0.0000000E+00
20  0.0000000E+00  0.0000000E+00  0.0000000E+00  0.0000000E+00  0.0000000E+00  0.0000000E+00  0.0000000E+00  0.0000000E+00  0.0000000E+00  0.0000000E+00  0.0000000E+00  0.0000000E+00  0.0000000E+00  0.0000000E+00  0.0000000E+00  0.0000000E+00  0.0000000E+00
21  9.9999742E-01  0.0000000E+00  0.0000000E+00  4.2788400E-02  1.1781100E-01  0.0000000E+00  0.0000000E+00  1.5151500E-01  1.7599300E-01  0.0000000E+00  0.0000000E+00  0.0000000E+00  1.9331600E-03  0.0000000E+00  0.0000000E+00  0.0000000E+00  0.0000000E+00
22  9.9999574E-01  0.0000000E+00  0.0000000E+00  5.5713700E-02  1.4467500E-01  0.0000000E+00  0.0000000E+00  1.9581600E-01  2.2107300E-01  0.0000000E+00  0.0000000E+00  0.0000000E+00  5.3964500E-03  0.0000000E+00  0.0000000E+00  0.0000000E+00  3.1568600E-04
23  9.9999458E-01  0.0000000E+00  0.0000000E+00  6.0203000E-02  1.5850600E-01  0.0000000E+00  0.0000000E+00  2.1019000E-01  2.4692400E-01  0.0000000E+00  0.0000000E+00  7.5483200E-05  9.4281600E-03  0.0000000E+00  0.0000000E+00  0.0000000E+00  1.5189400E-03
24  9.9999207E-01  0.0000000E+00  0.0000000E+00  7.6647300E-02  1.9593900E-01  0.0000000E+00  0.0000000E+00  2.6320400E-01  3.0620300E-01  0.0000000E+00  0.0000000E+00  4.9170700E-04  2.2638000E-02  0.0000000E+00  0.0000000E+00  0.0000000E+00  8.0852600E-03
25  9.9998868E-01  0.0000000E+00  0.0000000E+00  6.6275200E-02  1.6021700E-01  0.0000000E+00  0.0000000E+00  2.2182100E-01  2.6681300E-01  0.0000000E+00  0.0000000E+00  6.3208200E-04  1.8548200E-02  0.0000000E+00  0.0000000E+00  0.0000000E+00  4.8024000E-03
26  9.9998598E-01  0.0000000E+00  0.0000000E+00  6.7447800E-02  1.6084300E-01  0.0000000E+00  0.0000000E+00  2.2430100E-01  2.6982400E-01  0.0000000E+00  0.0000000E+00  1.0798600E-03  2.3392400E-02  0.0000000E+00  0.0000000E+00  0.0000000E+00  6.7926200E-03
27  9.9998090E-01  0.0000000E+00  0.0000000E+00  6.9393600E-02  1.5701800E-01  0.0000000E+00  0.0000000E+00  2.2297800E-01  2.7607200E-01  0.0000000E+00  0.0000000E+00  1.6474000E-03  2.8376200E-02  0.0000000E+00  0.0000000E+00  0.0000000E+00  8.9890000E-03
28  9.9997808E-01  0.0000000E+00  0.0000000E+00  7.0187100E-02  1.5530500E-01  0.0000000E+00  0.0000000E+00  2.2273900E-01  2.7866900E-01  0.0000000E+00  0.0000000E+00  2.3230800E-03  3.3321800E-02  0.0000000E+00  0.0000000E+00  0.0000000E+00  1.1327100E-02
29  9.9997185E-01  0.0000000E+00  0.0000000E+00  7.9094100E-02  1.7448500E-01  0.0000000E+00  0.0000000E+00  2.4877300E-01  3.0894100E-01  0.0000000E+00  0.0000000E+00  3.6483500E-03  5.3911800E-02  0.0000000E+00  0.0000000E+00  0.0000000E+00  2.7092200E-02
30  9.9996597E-01  0.0000000E+00  0.0000000E+00  7.1793500E-02  1.4758400E-01  0.0000000E+00  0.0000000E+00  2.1665800E-01  2.8061800E-01  0.0000000E+00  0.0000000E+00  4.1259600E-03  4.4813000E-02  0.0000000E+00  0.0000000E+00  0.0000000E+00  1.8036500E-02
31  9.9995870E-01  0.0000000E+00  0.0000000E+00  6.5660300E-02  1.1306500E-01  0.0000000E+00  0.0000000E+00  1.7897300E-01  2.4756000E-01  0.0000000E+00  0.0000000E+00  5.4687000E-03  4.3735400E-02  0.0000000E+00  0.0000000E+00  0.0000000E+00  1.8605500E-02
32  9.9994906E-01  0.0000000E+00  0.0000000E+00  5.7146100E-02  6.6344700E-02  0.0000000E+00  0.0000000E+00  1.2354400E-01  1.9897000E-01  0.0000000E+00  0.0000000E+00  7.3810900E-03  4.2532200E-02  0.0000000E+00  0.0000000E+00  0.0000000E+00  2.0985300E-02
33  9.9993881E-01  0.0000000E+00  0.0000000E+00  4.9033600E-02  2.1752500E-02  0.0000000E+00  0.0000000E+00  5.8661400E-02  1.3608500E-01  0.0000000E+00  0.0000000E+00  9.2976400E-03  3.8823100E-02  0.0000000E+00  0.0000000E+00  0.0000000E+00  2.2720000E-02
34  9.9992958E-01  0.0000000E+00  0.0000000E+00  3.9653200E-02  3.4185100E-03  0.0000000E+00  0.0000000E+00  1.6844200E-02  8.7645800E-02  0.0000000E+00  0.0000000E+00  1.0139500E-02  3.0928600E-02  0.0000000E+00  0.0000000E+00  0.0000000E+00  2.1895000E-02
35  9.9991599E-01  0.0000000E+00  0.0000000E+00  0.0000000E+00  0.0000000E+00  0.0000000E+00  0.0000000E+00  0.0000000E+00  0.0000000E+00  0.0000000E+00  0.0000000E+00  1.0337900E-02  2.3272400E-02  0.0000000E+00  0.0000000E+00  0.0000000E+00  2.0103500E-02
36  9.9990302E-01  0.0000000E+00  0.0000000E+00  0.0000000E+00  0.0000000E+00  0.0000000E+00  0.0000000E+00  0.0000000E+00  0.0000000E+00  0.0000000E+00  0.0000000E+00  1.0157100E-02  1.7152600E-02  0.0000000E+00  0.0000000E+00  0.0000000E+00  1.8372300E-02
37  9.9988698E-01  0.0000000E+00  0.0000000E+00  0.0000000E+00  0.0000000E+00  0.0000000E+00  0.0000000E+00  0.0000000E+00  0.0000000E+00  0.0000000E+00  0.0000000E+00  9.8829000E-03  1.2814900E-02  0.0000000E+00  0.0000000E+00  0.0000000E+00  1.6875600E-02
38  9.9986965E-01  0.0000000E+00  0.0000000E+00  0.0000000E+00  0.0000000E+00  0.0000000E+00  0.0000000E+00  0.0000000E+00  0.0000000E+00  0.0000000E+00  0.0000000E+00  9.4924600E-03  9.5720900E-03  0.0000000E+00  0.0000000E+00  0.0000000E+00  1.5471000E-02
39  9.9985241E-01  0.0000000E+00  0.0000000E+00  0.0000000E+00  0.0000000E+00  0.0000000E+00  0.0000000E+00  0.0000000E+00  0.0000000E+00  0.0000000E+00  0.0000000E+00  9.5242200E-03  7.7578100E-03  0.0000000E+00  0.0000000E+00  0.0000000E+00  1.4987500E-02
40  9.9983332E-01  0.0000000E+00  0.0000000E+00  0.0000000E+00  0.0000000E+00  0.0000000E+00  0.0000000E+00  0.0000000E+00  0.0000000E+00  0.0000000E+00  0.0000000E+00  9.5647800E-03  6.6405700E-03  0.0000000E+00  0.0000000E+00  0.0000000E+00  1.4745700E-02
41  9.9981416E-01  0.0000000E+00  0.0000000E+00  0.0000000E+00  0.0000000E+00  0.0000000E+00  0.0000000E+00  0.0000000E+00  0.0000000E+00  0.0000000E+00  0.0000000E+00  9.5829400E-03  5.9857800E-03  0.0000000E+00  0.0000000E+00  0.0000000E+00  1.4536600E-02
42  9.9978942E-01  0.0000000E+00  0.0000000E+00  0.0000000E+00  0.0000000E+00  0.0000000E+00  0.0000000E+00  0.0000000E+00  0.0000000E+00  0.0000000E+00  0.0000000E+00  9.6507500E-03  5.7213600E-03  0.0000000E+00  0.0000000E+00  0.0000000E+00  1.4411400E-02
43  9.9976642E-01  0.0000000E+00  0.0000000E+00  0.0000000E+00  0.0000000E+00  0.0000000E+00  0.0000000E+00  0.0000000E+00  0.0000000E+00  0.0000000E+00  0.0000000E+00  9.5824400E-03  5.7157100E-03  0.0000000E+00  0.0000000E+00  0.0000000E+00  1.4440300E-02
44  9.9974291E-01  0.0000000E+00  0.0000000E+00  0.0000000E+00  0.0000000E+00  0.0000000E+00  0.0000000E+00  0.0000000E+00  0.0000000E+00  0.0000000E+00  0.0000000E+00  6.6898600E-03  4.5609700E-03  0.0000000E+00  0.0000000E+00  0.0000000E+00  1.3278500E-02
45  9.9972709E-01  0.0000000E+00  0.0000000E+00  0.0000000E+00  0.0000000E+00  0.0000000E+00  0.0000000E+00  0.0000000E+00  0.0000000E+00  0.0000000E+00  0.0000000E+00  0.0000000E+00  0.0000000E+00  0.0000000E+00  0.0000000E+00  0.0000000E+00  0.0000000E+00
46  9.9970135E-01  0.0000000E+00  0.0000000E+00  0.0000000E+00  0.0000000E+00  0.0000000E+00  0.0000000E+00  0.0000000E+00  0.0000000E+00  0.0000000E+00  0.0000000E+00  0.0000000E+00  0.0000000E+00  0.0000000E+00  0.0000000E+00  0.0000000E+00  0.0000000E+00
47  9.9967126E-01  0.0000000E+00  0.0000000E+00  0.0000000E+00  0.0000000E+00  0.0000000E+00  0.0000000E+00  0.0000000E+00  0.0000000E+00  0.0000000E+00  0.0000000E+00  0.0000000E+00  0.0000000E+00  0.0000000E+00  0.0000000E+00  0.0000000E+00  0.0000000E+00
48  9.9963857E-01  0.0000000E+00  0.0000000E+00  0.0000000E+00  0.0000000E+00  0.0000000E+00  0.0000000E+00  0.0000000E+00  0.0000000E+00  0.0000000E+00  0.0000000E+00  0.0000000E+00  0.0000000E+00  0.0000000E+00  0.0000000E+00  0.0000000E+00  0.0000000E+00
49  9.9958805E-01  0.0000000E+00  0.0000000E+00  0.0000000E+00  0.0000000E+00  0.0000000E+00  0.0000000E+00  0.0000000E+00  0.0000000E+00  0.0000000E+00  0.0000000E+00  0.0000000E+00  0.0000000E+00  0.0000000E+00  0.0000000E+00  0.0000000E+00  0.0000000E+00
50  9.9955828E-01  0.0000000E+00  0.0000000E+00  0.0000000E+00  0.0000000E+00  0.0000000E+00  0.0000000E+00  0.0000000E+00  0.0000000E+00  0.0000000E+00  0.0000000E+00  0.0000000E+00  0.0000000E+00  0.0000000E+00  0.0000000E+00  0.0000000E+00  0.0000000E+00
51  9.9952165E-01  0.0000000E+00  0.0000000E+00  0.0000000E+00  0.0000000E+00  0.0000000E+00  0.0000000E+00  0.0000000E+00  0.0000000E+00  0.0000000E+00  0.0000000E+00  0.0000000E+00  0.0000000E+00  0.0000000E+00  0.0000000E+00  0.0000000E+00  0.0000000E+00
52  9.9946905E-01  0.0000000E+00  0.0000000E+00  0.0000000E+00  0.0000000E+00  0.0000000E+00  0.0000000E+00  0.0000000E+00  0.0000000E+00  0.0000000E+00  0.0000000E+00  0.0000000E+00  0.0000000E+00  0.0000000E+00  0.0000000E+00  0.0000000E+00  0.0000000E+00
53  9.9940107E-01  0.0000000E+00  0.0000000E+00  0.0000000E+00  0.0000000E+00  0.0000000E+00  0.0000000E+00  0.0000000E+00  0.0000000E+00  0.0000000E+00  0.0000000E+00  0.0000000E+00  0.0000000E+00  0.0000000E+00  0.0000000E+00  0.0000000E+00  0.0000000E+00
54  9.9929999E-01  0.0000000E+00  0.0000000E+00  0.0000000E+00  0.0000000E+00  0.0000000E+00  0.0000000E+00  0.0000000E+00  0.0000000E+00  0.0000000E+00  0.0000000E+00  0.0000000E+00  0.0000000E+00  0.0000000E+00  0.0000000E+00  0.0000000E+00  0.0000000E+00
55  9.9924717E-01  0.0000000E+00  0.0000000E+00  0.0000000E+00  0.0000000E+00  0.0000000E+00  0.0000000E+00  0.0000000E+00  0.0000000E+00  0.0000000E+00  0.0000000E+00  0.0000000E+00  0.0000000E+00  0.0000000E+00  0.0000000E+00  0.0000000E+00  0.0000000E+00
56  9.9919134E-01  0.0000000E+00  0.0000000E+00  0.0000000E+00  0.0000000E+00  0.0000000E+00  0.0000000E+00  0.0000000E+00  0.0000000E+00  0.0000000E+00  0.0000000E+00  0.0000000E+00  0.0000000E+00  0.0000000E+00  0.0000000E+00  0.0000000E+00  0.0000000E+00
57  9.9912639E-01  0.0000000E+00  0.0000000E+00  0.0000000E+00  0.0000000E+00  0.0000000E+00  0.0000000E+00  0.0000000E+00  0.0000000E+00  0.0000000E+00  0.0000000E+00  0.0000000E+00  0.0000000E+00  0.0000000E+00  0.0000000E+00  0.0000000E+00  0.0000000E+00
58  9.9908737E-01  0.0000000E+00  0.0000000E+00  0.0000000E+00  0.0000000E+00  0.0000000E+00  0.0000000E+00  0.0000000E+00  0.0000000E+00  0.0000000E+00  0.0000000E+00  0.0000000E+00  0.0000000E+00  0.0000000E+00  0.0000000E+00  0.0000000E+00  0.0000000E+00
59  9.9903314E-01  0.0000000E+00  0.0000000E+00  0.0000000E+00  0.0000000E+00  0.0000000E+00  0.0000000E+00  0.0000000E+00  0.0000000E+00  0.0000000E+00  0.0000000E+00  0.0000000E+00  0.0000000E+00  0.0000000E+00  0.0000000E+00  0.0000000E+00  0.0000000E+00
60  9.9899224E-01  0.0000000E+00  0.0000000E+00  0.0000000E+00  0.0000000E+00  0.0000000E+00  0.0000000E+00  0.0000000E+00  0.0000000E+00  0.0000000E+00  0.0000000E+00  0.0000000E+00  0.0000000E+00  0.0000000E+00  0.0000000E+00  0.0000000E+00  0.0000000E+00
61  9.9893288E-01  0.0000000E+00  0.0000000E+00  0.0000000E+00  0.0000000E+00  0.0000000E+00  0.0000000E+00  0.0000000E+00  0.0000000E+00  0.0000000E+00  0.0000000E+00  0.0000000E+00  0.0000000E+00  0.0000000E+00  0.0000000E+00  0.0000000E+00  0.0000000E+00
62  9.9885466E-01  0.0000000E+00  0.0000000E+00  0.0000000E+00  0.0000000E+00  0.0000000E+00  0.0000000E+00  0.0000000E+00  0.0000000E+00  0.0000000E+00  0.0000000E+00  0.0000000E+00  0.0000000E+00  0.0000000E+00  0.0000000E+00  0.0000000E+00  0.0000000E+00
63  9.9876624E-01  0.0000000E+00  0.0000000E+00  0.0000000E+00  0.0000000E+00  0.0000000E+00  0.0000000E+00  0.0000000E+00  0.0000000E+00  0.0000000E+00  0.0000000E+00  0.0000000E+00  0.0000000E+00  0.0000000E+00  0.0000000E+00  0.0000000E+00  0.0000000E+00
64  9.9870070E-01  0.0000000E+00  0.0000000E+00  0.0000000E+00  0.0000000E+00  0.0000000E+00  0.0000000E+00  0.0000000E+00  0.0000000E+00  0.0000000E+00  0.0000000E+00  0.0000000E+00  0.0000000E+00  0.0000000E+00  0.0000000E+00  0.0000000E+00  0.0000000E+00
65  9.9860677E-01  0.0000000E+00  0.0000000E+00  0.0000000E+00  0.0000000E+00  0.0000000E+00  0.0000000E+00  0.0000000E+00  0.0000000E+00  0.0000000E+00  0.0000000E+00  0.0000000E+00  0.0000000E+00  0.0000000E+00  0.0000000E+00  0.0000000E+00  0.0000000E+00
66  9.9848382E-01  0.0000000E+00  0.0000000E+00  0.0000000E+00  0.0000000E+00  0.0000000E+00  0.0000000E+00  0.0000000E+00  0.0000000E+00  0.0000000E+00  0.0000000E+00  0.0000000E+00  0.0000000E+00  0.0000000E+00  0.0000000E+00  0.0000000E+00  0.0000000E+00
67  9.9840262E-01  0.0000000E+00  0.0000000E+00  0.0000000E+00  0.0000000E+00  0.0000000E+00  0.0000000E+00  0.0000000E+00  0.0000000E+00  0.0000000E+00  0.0000000E+00  0.0000000E+00  0.0000000E+00  0.0000000E+00  0.0000000E+00  0.0000000E+00  0.0000000E+00
68  9.9829539E-01  0.0000000E+00  0.0000000E+00  0.0000000E+00  0.0000000E+00  0.0000000E+00  0.0000000E+00  0.0000000E+00  0.0000000E+00  0.0000000E+00  0.0000000E+00  0.0000000E+00  0.0000000E+00  0.0000000E+00  0.0000000E+00  0.0000000E+00  0.0000000E+00
69  9.9817997E-01  0.0000000E+00  0.0000000E+00  0.0000000E+00  0.0000000E+00  0.0000000E+00  0.0000000E+00  0.0000000E+00  0.0000000E+00  0.0000000E+00  0.0000000E+00  0.0000000E+00  0.0000000E+00  0.0000000E+00  0.0000000E+00  0.0000000E+00  0.0000000E+00
70  9.9805894E-01  0.0000000E+00  0.0000000E+00  0.0000000E+00  0.0000000E+00  0.0000000E+00  0.0000000E+00  0.0000000E+00  0.0000000E+00  0.0000000E+00  0.0000000E+00  0.0000000E+00  0.0000000E+00  0.0000000E+00  0.0000000E+00  0.0000000E+00  0.0000000E+00
71  9.9785987E-01  0.0000000E+00  0.0000000E+00  0.0000000E+00  0.0000000E+00  0.0000000E+00  0.0000000E+00  0.0000000E+00  0.0000000E+00  0.0000000E+00  0.0000000E+00  0.0000000E+00  0.0000000E+00  0.0000000E+00  0.0000000E+00  0.0000000E+00  0.0000000E+00
72  9.9775916E-01  0.0000000E+00  0.0000000E+00  0.0000000E+00  0.0000000E+00  0.0000000E+00  0.0000000E+00  0.0000000E+00  0.0000000E+00  0.0000000E+00  0.0000000E+00  0.0000000E+00  0.0000000E+00  0.0000000E+00  0.0000000E+00  0.0000000E+00  0.0000000E+00
73  9.9757464E-01  0.0000000E+00  0.0000000E+00  0.0000000E+00  0.0000000E+00  0.0000000E+00  0.0000000E+00  0.0000000E+00  0.0000000E+00  0.0000000E+00  0.0000000E+00  0.0000000E+00  0.0000000E+00  0.0000000E+00  0.0000000E+00  0.0000000E+00  0.0000000E+00
74  9.9746439E-01  0.0000000E+00  0.0000000E+00  0.0000000E+00  0.0000000E+00  0.0000000E+00  0.0000000E+00  0.0000000E+00  0.0000000E+00  0.0000000E+00  0.0000000E+00  0.0000000E+00  0.0000000E+00  0.0000000E+00  0.0000000E+00  0.0000000E+00  0.0000000E+00
75  9.9730705E-01  0.0000000E+00  0.0000000E+00  0.0000000E+00  0.0000000E+00  0.0000000E+00  0.0000000E+00  0.0000000E+00  0.0000000E+00  0.0000000E+00  0.0000000E+00  0.0000000E+00  0.0000000E+00  0.0000000E+00  0.0000000E+00  0.0000000E+00  0.0000000E+00
76  9.9718971E-01  0.0000000E+00  0.0000000E+00  0.0000000E+00  0.0000000E+00  0.0000000E+00  0.0000000E+00  0.0000000E+00  0.0000000E+00  0.0000000E+00  0.0000000E+00  0.0000000E+00  0.0000000E+00  0.0000000E+00  0.0000000E+00  0.0000000E+00  0.0000000E+00
77  9.9697014E-01  0.0000000E+00  0.0000000E+00  0.0000000E+00  0.0000000E+00  0.0000000E+00  0.0000000E+00  0.0000000E+00  0.0000000E+00  0.0000000E+00  0.0000000E+00  0.0000000E+00  0.0000000E+00  0.0000000E+00  0.0000000E+00  0.0000000E+00  0.0000000E+00
78  9.9679046E-01  0.0000000E+00  0.0000000E+00  0.0000000E+00  0.0000000E+00  0.0000000E+00  0.0000000E+00  0.0000000E+00  0.0000000E+00  0.0000000E+00  0.0000000E+00  0.0000000E+00  0.0000000E+00  0.0000000E+00  0.0000000E+00  0.0000000E+00  0.0000000E+00
79  9.9660200E-01  0.0000000E+00  0.0000000E+00  0.0000000E+00  0.0000000E+00  0.0000000E+00  0.0000000E+00  0.0000000E+00  0.0000000E+00  0.0000000E+00  0.0000000E+00  0.0000000E+00  0.0000000E+00  0.0000000E+00  0.0000000E+00  0.0000000E+00  0.0000000E+00
80  9.9640673E-01  0.0000000E+00  0.0000000E+00  0.0000000E+00  0.0000000E+00  0.0000000E+00  0.0000000E+00  0.0000000E+00  0.0000000E+00  0.0000000E+00  0.0000000E+00  0.0000000E+00  0.0000000E+00  0.0000000E+00  0.0000000E+00  0.0000000E+00  0.0000000E+00
81  9.9626486E-01  0.0000000E+00  0.0000000E+00  0.0000000E+00  0.0000000E+00  0.0000000E+00  0.0000000E+00  0.0000000E+00  0.0000000E+00  0.0000000E+00  0.0000000E+00  0.0000000E+00  0.0000000E+00  0.0000000E+00  0.0000000E+00  0.0000000E+00  0.0000000E+00
82  9.9605417E-01  0.0000000E+00  0.0000000E+00  0.0000000E+00  0.0000000E+00  0.0000000E+00  0.0000000E+00  0.0000000E+00  0.0000000E+00  0.0000000E+00  0.0000000E+00  0.0000000E+00  0.0000000E+00  0.0000000E+00  0.0000000E+00  0.0000000E+00  0.0000000E+00
83  9.9583377E-01  0.0000000E+00  0.0000000E+00  0.0000000E+00  0.0000000E+00  0.0000000E+00  0.0000000E+00  0.0000000E+00  0.0000000E+00  0.0000000E+00  0.0000000E+00  0.0000000E+00  0.0000000E+00  0.0000000E+00  0.0000000E+00  0.0000000E+00  0.0000000E+00
84  9.9560350E-01  0.0000000E+00  0.0000000E+00  0.0000000E+00  0.0000000E+00  0.0000000E+00  0.0000000E+00  0.0000000E+00  0.0000000E+00  0.0000000E+00  0.0000000E+00  0.0000000E+00  0.0000000E+00  0.0000000E+00  0.0000000E+00  0.0000000E+00  0.0000000E+00
85  9.9536355E-01  0.0000000E+00  0.0000000E+00  0.0000000E+00  0.0000000E+00  0.0000000E+00  0.0000000E+00  0.0000000E+00  0.0000000E+00  0.0000000E+00  0.0000000E+00  0.0000000E+00  0.0000000E+00  0.0000000E+00  0.0000000E+00  0.0000000E+00  0.0000000E+00
86  9.9511398E-01  0.0000000E+00  0.0000000E+00  0.0000000E+00  0.0000000E+00  0.0000000E+00  0.0000000E+00  0.0000000E+00  0.0000000E+00  0.0000000E+00  0.0000000E+00  0.0000000E+00  0.0000000E+00  0.0000000E+00  0.0000000E+00  0.0000000E+00  0.0000000E+00
87  9.9485510E-01  0.0000000E+00  0.0000000E+00  0.0000000E+00  0.0000000E+00  0.0000000E+00  0.0000000E+00  0.0000000E+00  0.0000000E+00  0.0000000E+00  0.0000000E+00  0.0000000E+00  0.0000000E+00  0.0000000E+00  0.0000000E+00  0.0000000E+00  0.0000000E+00
88  9.9458456E-01  0.0000000E+00  0.0000000E+00  0.0000000E+00  0.0000000E+00  0.0000000E+00  0.0000000E+00  0.0000000E+00  0.0000000E+00  0.0000000E+00  0.0000000E+00  0.0000000E+00  0.0000000E+00  0.0000000E+00  0.0000000E+00  0.0000000E+00  0.0000000E+00
89  9.9430244E-01  0.0000000E+00  0.0000000E+00  0.0000000E+00  0.0000000E+00  0.0000000E+00  0.0000000E+00  0.0000000E+00  0.0000000E+00  0.0000000E+00  0.0000000E+00  0.0000000E+00  0.0000000E+00  0.0000000E+00  0.0000000E+00  0.0000000E+00  0.0000000E+00
90  9.9400898E-01  0.0000000E+00  0.0000000E+00  0.0000000E+00  0.0000000E+00  0.0000000E+00  0.0000000E+00  0.0000000E+00  0.0000000E+00  0.0000000E+00  0.0000000E+00  0.0000000E+00  0.0000000E+00  0.0000000E+00  0.0000000E+00  0.0000000E+00  0.0000000E+00
91  9.9370568E-01  0.0000000E+00  0.0000000E+00  0.0000000E+00  0.0000000E+00  0.0000000E+00  0.0000000E+00  0.0000000E+00  0.0000000E+00  0.0000000E+00  0.0000000E+00  0.0000000E+00  0.0000000E+00  0.0000000E+00  0.0000000E+00  0.0000000E+00  0.0000000E+00
92  9.9338935E-01  0.0000000E+00  0.0000000E+00  0.0000000E+00  0.0000000E+00  0.0000000E+00  0.0000000E+00  0.0000000E+00  0.0000000E+00  0.0000000E+00  0.0000000E+00  0.0000000E+00  0.0000000E+00  0.0000000E+00  0.0000000E+00  0.0000000E+00  0.0000000E+00
93  9.9304534E-01  0.0000000E+00  0.0000000E+00  0.0000000E+00  0.0000000E+00  0.0000000E+00  0.0000000E+00  0.0000000E+00  0.0000000E+00  0.0000000E+00  0.0000000E+00  0.0000000E+00  0.0000000E+00  0.0000000E+00  0.0000000E+00  0.0000000E+00  0.0000000E+00
94  9.9290259E-01  0.0000000E+00  0.0000000E+00  0.0000000E+00  0.0000000E+00  0.0000000E+00  0.0000000E+00  0.0000000E+00  0.0000000E+00  0.0000000E+00  0.0000000E+00  0.0000000E+00  0.0000000E+00  0.0000000E+00  0.0000000E+00  0.0000000E+00  0.0000000E+00
95  9.9260104E-01  0.0000000E+00  0.0000000E+00  0.0000000E+00  0.0000000E+00  0.0000000E+00  0.0000000E+00  0.0000000E+00  0.0000000E+00  0.0000000E+00  0.0000000E+00  0.0000000E+00  0.0000000E+00  0.0000000E+00  0.0000000E+00  0.0000000E+00  0.0000000E+00
96  9.9223339E-01  0.0000000E+00  0.0000000E+00  0.0000000E+00  0.0000000E+00  0.0000000E+00  0.0000000E+00  0.0000000E+00  0.0000000E+00  0.0000000E+00  0.0000000E+00  0.0000000E+00  0.0000000E+00  0.0000000E+00  0.0000000E+00  0.0000000E+00  0.0000000E+00
97  9.9184750E-01  0.0000000E+00  0.0000000E+00  0.0000000E+00  0.0000000E+00  0.0000000E+00  0.0000000E+00  0.0000000E+00  0.0000000E+00  0.0000000E+00  0.0000000E+00  0.0000000E+00  0.0000000E+00  0.0000000E+00  0.0000000E+00  0.0000000E+00  0.0000000E+00
98  9.9150369E-01  0.0000000E+00  0.0000000E+00  0.0000000E+00  0.0000000E+00  0.0000000E+00  0.0000000E+00  0.0000000E+00  0.0000000E+00  0.0000000E+00  0.0000000E+00  0.0000000E+00  0.0000000E+00  0.0000000E+00  0.0000000E+00  0.0000000E+00  0.0000000E+00
99  9.9118089E-01  0.0000000E+00  0.0000000E+00  0.0000000E+00  0.0000000E+00  0.0000000E+00  0.0000000E+00  0.0000000E+00  0.0000000E+00  0.0000000E+00  0.0000000E+00  0.0000000E+00  0.0000000E+00  0.0000000E+00  0.0000000E+00  0.0000000E+00  0.0000000E+00
100  9.9087368E-01  0.0000000E+00  0.0000000E+00  0.0000000E+00  0.0000000E+00  0.0000000E+00  0.0000000E+00  0.0000000E+00  0.0000000E+00  0.0000000E+00  0.0000000E+00  0.0000000E+00  0.0000000E+00  0.0000000E+00  0.0000000E+00  0.0000000E+00  0.0000000E+00

#S 2 M2-Shell nonradiative rates
#N 11
#L Z  TOTAL  M2-M3M3  M2-M3M4  M2-M3M5  M2-M4M3  M2-M4M4  M2-M4M5  M2-M5M3  M2-M5M4  M2-M5M5
1  0.0000000E+00  0.0000000E+00  0.0000000E+00  0.0000000E+00  0.0000000E+00  0.0000000E+00  0.0000000E+00  0.0000000E+00  0.0000000E+00  0.0000000E+00
2  0.0000000E+00  0.0000000E+00  0.0000000E+00  0.0000000E+00  0.0000000E+00  0.0000000E+00  0.0000000E+00  0.0000000E+00  0.0000000E+00  0.0000000E+00
3  0.0000000E+00  0.0000000E+00  0.0000000E+00  0.0000000E+00  0.0000000E+00  0.0000000E+00  0.0000000E+00  0.0000000E+00  0.0000000E+00  0.0000000E+00
4  0.0000000E+00  0.0000000E+00  0.0000000E+00  0.0000000E+00  0.0000000E+00  0.0000000E+00  0.0000000E+00  0.0000000E+00  0.0000000E+00  0.0000000E+00
5  0.0000000E+00  0.0000000E+00  0.0000000E+00  0.0000000E+00  0.0000000E+00  0.0000000E+00  0.0000000E+00  0.0000000E+00  0.0000000E+00  0.0000000E+00
6  0.0000000E+00  0.0000000E+00  0.0000000E+00  0.0000000E+00  0.0000000E+00  0.0000000E+00  0.0000000E+00  0.0000000E+00  0.0000000E+00  0.0000000E+00
7  0.0000000E+00  0.0000000E+00  0.0000000E+00  0.0000000E+00  0.0000000E+00  0.0000000E+00  0.0000000E+00  0.0000000E+00  0.0000000E+00  0.0000000E+00
8  0.0000000E+00  0.0000000E+00  0.0000000E+00  0.0000000E+00  0.0000000E+00  0.0000000E+00  0.0000000E+00  0.0000000E+00  0.0000000E+00  0.0000000E+00
9  0.0000000E+00  0.0000000E+00  0.0000000E+00  0.0000000E+00  0.0000000E+00  0.0000000E+00  0.0000000E+00  0.0000000E+00  0.0000000E+00  0.0000000E+00
10  0.0000000E+00  0.0000000E+00  0.0000000E+00  0.0000000E+00  0.0000000E+00  0.0000000E+00  0.0000000E+00  0.0000000E+00  0.0000000E+00  0.0000000E+00
11  0.0000000E+00  0.0000000E+00  0.0000000E+00  0.0000000E+00  0.0000000E+00  0.0000000E+00  0.0000000E+00  0.0000000E+00  0.0000000E+00  0.0000000E+00
12  0.0000000E+00  0.0000000E+00  0.0000000E+00  0.0000000E+00  0.0000000E+00  0.0000000E+00  0.0000000E+00  0.0000000E+00  0.0000000E+00  0.0000000E+00
13  0.0000000E+00  0.0000000E+00  0.0000000E+00  0.0000000E+00  0.0000000E+00  0.0000000E+00  0.0000000E+00  0.0000000E+00  0.0000000E+00  0.0000000E+00
14  0.0000000E+00  0.0000000E+00  0.0000000E+00  0.0000000E+00  0.0000000E+00  0.0000000E+00  0.0000000E+00  0.0000000E+00  0.0000000E+00  0.0000000E+00
15  0.0000000E+00  0.0000000E+00  0.0000000E+00  0.0000000E+00  0.0000000E+00  0.0000000E+00  0.0000000E+00  0.0000000E+00  0.0000000E+00  0.0000000E+00
16  0.0000000E+00  0.0000000E+00  0.0000000E+00  0.0000000E+00  0.0000000E+00  0.0000000E+00  0.0000000E+00  0.0000000E+00  0.0000000E+00  0.0000000E+00
17  0.0000000E+00  0.0000000E+00  0.0000000E+00  0.0000000E+00  0.0000000E+00  0.0000000E+00  0.0000000E+00  0.0000000E+00  0.0000000E+00  0.0000000E+00
18  0.0000000E+00  0.0000000E+00  0.0000000E+00  0.0000000E+00  0.0000000E+00  0.0000000E+00  0.0000000E+00  0.0000000E+00  0.0000000E+00  0.0000000E+00
19  0.0000000E+00  0.0000000E+00  0.0000000E+00  0.0000000E+00  0.0000000E+00  0.0000000E+00  0.0000000E+00  0.0000000E+00  0.0000000E+00  0.0000000E+00
20  0.0000000E+00  0.0000000E+00  0.0000000E+00  0.0000000E+00  0.0000000E+00  0.0000000E+00  0.0000000E+00  0.0000000E+00  0.0000000E+00  0.0000000E+00
21  1.0000001E+00  0.0000000E+00  0.0000000E+00  0.0000000E+00  0.0000000E+00  0.0000000E+00  5.7579100E-01  0.0000000E+00  0.0000000E+00  0.0000000E+00
22  9.9999993E-01  0.0000000E+00  0.0000000E+00  0.0000000E+00  0.0000000E+00  0.0000000E+00  7.3742000E-01  0.0000000E+00  0.0000000E+00  3.7884300E-03
23  1.0000001E+00  0.0000000E+00  0.0000000E+00  0.0000000E+00  0.0000000E+00  3.3137100E-02  7.7811700E-01  0.0000000E+00  0.0000000E+00  1.0607300E-02
24  9.9999870E-01  0.0000000E+00  0.0000000E+00  0.0000000E+00  0.0000000E+00  1.0373500E-01  8.1910600E-01  0.0000000E+00  0.0000000E+00  2.3431700E-02
25  9.9999770E-01  0.0000000E+00  0.0000000E+00  0.0000000E+00  0.0000000E+00  9.9421600E-02  7.7907800E-01  0.0000000E+00  0.0000000E+00  1.5783900E-02
26  9.9999620E-01  0.0000000E+00  0.0000000E+00  0.0000000E+00  0.0000000E+00  1.1555400E-01  7.7970400E-01  0.0000000E+00  0.0000000E+00  1.7081500E-02
27  9.9999180E-01  0.0000000E+00  0.0000000E+00  0.0000000E+00  0.0000000E+00  1.2772300E-01  7.7933100E-01  0.0000000E+00  0.0000000E+00  1.8028000E-02
28  9.9998648E-01  0.0000000E+00  0.0000000E+00  0.0000000E+00  0.0000000E+00  1.3702400E-01  7.7884700E-01  0.0000000E+00  0.0000000E+00  1.8794600E-02
29  9.9997809E-01  0.0000000E+00  0.0000000E+00  0.0000000E+00  0.0000000E+00  1.5363200E-01  7.9878600E-01  0.0000000E+00  0.0000000E+00  2.4335500E-02
30  9.9996784E-01  0.0000000E+00  0.0000000E+00  0.0000000E+00  0.0000000E+00  1.4992300E-01  7.7495400E-01  0.0000000E+00  0.0000000E+00  2.2715800E-02
31  9.9995202E-01  0.0000000E+00  0.0000000E+00  0.0000000E+00  0.0000000E+00  1.4736900E-01  7.4679500E-01  0.0000000E+00  0.0000000E+00  1.9917100E-02
32  9.9993301E-01  0.0000000E+00  0.0000000E+00  0.0000000E+00  0.0000000E+00  1.4152700E-01  7.0259500E-01  0.0000000E+00  0.0000000E+00  1.9645800E-02
33  9.9990862E-01  0.0000000E+00  0.0000000E+00  0.0000000E+00  0.0000000E+00  1.3440200E-01  6.4363400E-01  0.0000000E+00  0.0000000E+00  1.9301100E-02
34  9.9987842E-01  0.0000000E+00  0.0000000E+00  0.0000000E+00  0.0000000E+00  1.2573100E-01  5.7195900E-01  0.0000000E+00  0.0000000E+00  1.8831000E-02
35  9.9984304E-01  0.0000000E+00  0.0000000E+00  0.0000000E+00  0.0000000E+00  1.1557800E-01  4.8731200E-01  0.0000000E+00  0.0000000E+00  1.8252300E-02
36  9.9980035E-01  0.0000000E+00  0.0000000E+00  0.0000000E+00  0.0000000E+00  1.0228800E-01  3.8178400E-01  0.0000000E+00  0.0000000E+00  1.7576400E-02
37  9.9975175E-01  0.0000000E+00  0.0000000E+00  0.0000000E+00  0.0000000E+00  8.6526500E-02  2.4558400E-01  0.0000000E+00  0.0000000E+00  1.6719000E-02
38  9.9969525E-01  0.0000000E+00  0.0000000E+00  0.0000000E+00  0.0000000E+00  7.1496200E-02  8.8167100E-02  0.0000000E+00  0.0000000E+00  1.5167900E-02
39  9.9962687E-01  0.0000000E+00  0.0000000E+00  0.0000000E+00  0.0000000E+00  0.0000000E+00  0.0000000E+00  0.0000000E+00  0.0000000E+00  0.0000000E+00
40  9.9956051E-01  0.0000000E+00  0.0000000E+00  0.0000000E+00  0.0000000E+00  0.0000000E+00  0.0000000E+00  0.0000000E+00  0.0000000E+00  0.0000000E+00
41  9.9948595E-01  0.0000000E+00  0.0000000E+00  0.0000000E+00  0.0000000E+00  0.0000000E+00  0.0000000E+00  0.0000000E+00  0.0000000E+00  0.0000000E+00
42  9.9940781E-01  0.0000000E+00  0.0000000E+00  0.0000000E+00  0.0000000E+00  0.0000000E+00  0.0000000E+00  0.0000000E+00  0.0000000E+00  0.0000000E+00
43  9.9932271E-01  0.0000000E+00  0.0000000E+00  0.0000000E+00  0.0000000E+00  0.0000000E+00  0.0000000E+00  0.0000000E+00  0.0000000E+00  0.0000000E+00
44  9.9923538E-01  0.0000000E+00  0.0000000E+00  0.0000000E+00  0.0000000E+00  0.0000000E+00  0.0000000E+00  0.0000000E+00  0.0000000E+00  0.0000000E+00
45  9.9913967E-01  0.0000000E+00  0.0000000E+00  0.0000000E+00  0.0000000E+00  0.0000000E+00  0.0000000E+00  0.0000000E+00  0.0000000E+00  0.0000000E+00
46  9.9904235E-01  0.0000000E+00  0.0000000E+00  0.0000000E+00  0.0000000E+00  0.0000000E+00  0.0000000E+00  0.0000000E+00  0.0000000E+00  0.0000000E+00
47  9.9894222E-01  0.0000000E+00  0.0000000E+00  0.0000000E+00  0.0000000E+00  0.0000000E+00  0.0000000E+00  0.0000000E+00  0.0000000E+00  0.0000000E+00
48  9.9883523E-01  0.0000000E+00  0.0000000E+00  0.0000000E+00  0.0000000E+00  0.0000000E+00  0.0000000E+00  0.0000000E+00  0.0000000E+00  0.0000000E+00
49  9.9872630E-01  0.0000000E+00  0.0000000E+00  0.0000000E+00  0.0000000E+00  0.0000000E+00  0.0000000E+00  0.0000000E+00  0.0000000E+00  0.0000000E+00
50  9.9860985E-01  0.0000000E+00  0.0000000E+00  0.0000000E+00  0.0000000E+00  0.0000000E+00  0.0000000E+00  0.0000000E+00  0.0000000E+00  0.0000000E+00
51  9.9849682E-01  0.0000000E+00  0.0000000E+00  0.0000000E+00  0.0000000E+00  0.0000000E+00  0.0000000E+00  0.0000000E+00  0.0000000E+00  0.0000000E+00
52  9.9839319E-01  0.0000000E+00  0.0000000E+00  0.0000000E+00  0.0000000E+00  0.0000000E+00  0.0000000E+00  0.0000000E+00  0.0000000E+00  0.0000000E+00
53  9.9828261E-01  0.0000000E+00  0.0000000E+00  0.0000000E+00  0.0000000E+00  0.0000000E+00  0.0000000E+00  0.0000000E+00  0.0000000E+00  0.0000000E+00
54  9.9812895E-01  0.0000000E+00  0.0000000E+00  0.0000000E+00  0.0000000E+00  0.0000000E+00  0.0000000E+00  0.0000000E+00  0.0000000E+00  0.0000000E+00
55  9.9795928E-01  0.0000000E+00  0.0000000E+00  0.0000000E+00  0.0000000E+00  0.0000000E+00  0.0000000E+00  0.0000000E+00  0.0000000E+00  0.0000000E+00
56  9.9783596E-01  0.0000000E+00  0.0000000E+00  0.0000000E+00  0.0000000E+00  0.0000000E+00  0.0000000E+00  0.0000000E+00  0.0000000E+00  0.0000000E+00
57  9.9772787E-01  0.0000000E+00  0.0000000E+00  0.0000000E+00  0.0000000E+00  0.0000000E+00  0.0000000E+00  0.0000000E+00  0.0000000E+00  0.0000000E+00
58  9.9762140E-01  0.0000000E+00  0.0000000E+00  0.0000000E+00  0.0000000E+00  0.0000000E+00  0.0000000E+00  0.0000000E+00  0.0000000E+00  0.0000000E+00
59  9.9750650E-01  0.0000000E+00  0.0000000E+00  0.0000000E+00  0.0000000E+00  0.0000000E+00  0.0000000E+00  0.0000000E+00  0.0000000E+00  0.0000000E+00
60  9.9739046E-01  0.0000000E+00  0.0000000E+00  0.0000000E+00  0.0000000E+00  0.0000000E+00  0.0000000E+00  0.0000000E+00  0.0000000E+00  0.0000000E+00
61  9.9728261E-01  0.0000000E+00  0.0000000E+00  0.0000000E+00  0.0000000E+00  0.0000000E+00  0.0000000E+00  0.0000000E+00  0.0000000E+00  0.0000000E+00
62  9.9715968E-01  0.0000000E+00  0.0000000E+00  0.0000000E+00  0.0000000E+00  0.0000000E+00  0.0000000E+00  0.0000000E+00  0.0000000E+00  0.0000000E+00
63  9.9704344E-01  0.0000000E+00  0.0000000E+00  0.0000000E+00  0.0000000E+00  0.0000000E+00  0.0000000E+00  0.0000000E+00  0.0000000E+00  0.0000000E+00
64  9.9689751E-01  0.0000000E+00  0.0000000E+00  0.0000000E+00  0.0000000E+00  0.0000000E+00  0.0000000E+00  0.0000000E+00  0.0000000E+00  0.0000000E+00
65  9.9677455E-01  0.0000000E+00  0.0000000E+00  0.0000000E+00  0.0000000E+00  0.0000000E+00  0.0000000E+00  0.0000000E+00  0.0000000E+00  0.0000000E+00
66  9.9664890E-01  0.0000000E+00  0.0000000E+00  0.0000000E+00  0.0000000E+00  0.0000000E+00  0.0000000E+00  0.0000000E+00  0.0000000E+00  0.0000000E+00
67  9.9648315E-01  0.0000000E+00  0.0000000E+00  0.0000000E+00  0.0000000E+00  0.0000000E+00  0.0000000E+00  0.0000000E+00  0.0000000E+00  0.0000000E+00
68  9.9631671E-01  0.0000000E+00  0.0000000E+00  0.0000000E+00  0.0000000E+00  0.0000000E+00  0.0000000E+00  0.0000000E+00  0.0000000E+00  0.0000000E+00
69  9.9614341E-01  0.0000000E+00  0.0000000E+00  0.0000000E+00  0.0000000E+00  0.0000000E+00  0.0000000E+00  0.0000000E+00  0.0000000E+00  0.0000000E+00
70  9.9592147E-01  0.0000000E+00  0.0000000E+00  0.0000000E+00  0.0000000E+00  0.0000000E+00  0.0000000E+00  0.0000000E+00  0.0000000E+00  0.0000000E+00
71  9.9573398E-01  0.0000000E+00  0.0000000E+00  0.0000000E+00  0.0000000E+00  0.0000000E+00  0.0000000E+00  0.0000000E+00  0.0000000E+00  0.0000000E+00
72  9.9554172E-01  0.0000000E+00  0.0000000E+00  0.0000000E+00  0.0000000E+00  0.0000000E+00  0.0000000E+00  0.0000000E+00  0.0000000E+00  0.0000000E+00
73  9.9534741E-01  0.0000000E+00  0.0000000E+00  0.0000000E+00  0.0000000E+00  0.0000000E+00  0.0000000E+00  0.0000000E+00  0.0000000E+00  0.0000000E+00
74  9.9515137E-01  0.0000000E+00  0.0000000E+00  0.0000000E+00  0.0000000E+00  0.0000000E+00  0.0000000E+00  0.0000000E+00  0.0000000E+00  0.0000000E+00
75  9.9494724E-01  0.0000000E+00  0.0000000E+00  0.0000000E+00  0.0000000E+00  0.0000000E+00  0.0000000E+00  0.0000000E+00  0.0000000E+00  0.0000000E+00
76  9.9473880E-01  0.0000000E+00  0.0000000E+00  0.0000000E+00  0.0000000E+00  0.0000000E+00  0.0000000E+00  0.0000000E+00  0.0000000E+00  0.0000000E+00
77  9.9452271E-01  0.0000000E+00  0.0000000E+00  0.0000000E+00  0.0000000E+00  0.0000000E+00  0.0000000E+00  0.0000000E+00  0.0000000E+00  0.0000000E+00
78  9.9430303E-01  0.0000000E+00  0.0000000E+00  0.0000000E+00  0.0000000E+00  0.0000000E+00  0.0000000E+00  0.0000000E+00  0.0000000E+00  0.0000000E+00
79  9.9407552E-01  0.0000000E+00  0.0000000E+00  0.0000000E+00  0.0000000E+00  0.0000000E+00  0.0000000E+00  0.0000000E+00  0.0000000E+00  0.0000000E+00
80  9.9384430E-01  0.0000000E+00  0.0000000E+00  0.0000000E+00  0.0000000E+00  0.0000000E+00  0.0000000E+00  0.0000000E+00  0.0000000E+00  0.0000000E+00
81  9.9360580E-01  0.0000000E+00  0.0000000E+00  0.0000000E+00  0.0000000E+00  0.0000000E+00  0.0000000E+00  0.0000000E+00  0.0000000E+00  0.0000000E+00
82  9.9336046E-01  0.0000000E+00  0.0000000E+00  0.0000000E+00  0.0000000E+00  0.0000000E+00  0.0000000E+00  0.0000000E+00  0.0000000E+00  0.0000000E+00
83  9.9310978E-01  0.0000000E+00  0.0000000E+00  0.0000000E+00  0.0000000E+00  0.0000000E+00  0.0000000E+00  0.0000000E+00  0.0000000E+00  0.0000000E+00
84  9.9285334E-01  0.0000000E+00  0.0000000E+00  0.0000000E+00  0.0000000E+00  0.0000000E+00  0.0000000E+00  0.0000000E+00  0.0000000E+00  0.0000000E+00
85  9.9258956E-01  0.0000000E+00  0.0000000E+00  0.0000000E+00  0.0000000E+00  0.0000000E+00  0.0000000E+00  0.0000000E+00  0.0000000E+00  0.0000000E+00
86  9.9231970E-01  0.0000000E+00  0.0000000E+00  0.0000000E+00  0.0000000E+00  0.0000000E+00  0.0000000E+00  0.0000000E+00  0.0000000E+00  0.0000000E+00
87  9.9204330E-01  0.0000000E+00  0.0000000E+00  0.0000000E+00  0.0000000E+00  0.0000000E+00  0.0000000E+00  0.0000000E+00  0.0000000E+00  0.0000000E+00
88  9.9175976E-01  0.0000000E+00  0.0000000E+00  0.0000000E+00  0.0000000E+00  0.0000000E+00  0.0000000E+00  0.0000000E+00  0.0000000E+00  0.0000000E+00
89  9.9146995E-01  0.0000000E+00  0.0000000E+00  0.0000000E+00  0.0000000E+00  0.0000000E+00  0.0000000E+00  0.0000000E+00  0.0000000E+00  0.0000000E+00
90  9.9117385E-01  0.0000000E+00  0.0000000E+00  0.0000000E+00  0.0000000E+00  0.0000000E+00  0.0000000E+00  0.0000000E+00  0.0000000E+00  0.0000000E+00
91  9.9086934E-01  0.0000000E+00  0.0000000E+00  0.0000000E+00  0.0000000E+00  0.0000000E+00  0.0000000E+00  0.0000000E+00  0.0000000E+00  0.0000000E+00
92  9.9055995E-01  0.0000000E+00  0.0000000E+00  0.0000000E+00  0.0000000E+00  0.0000000E+00  0.0000000E+00  0.0000000E+00  0.0000000E+00  0.0000000E+00
93  9.9024228E-01  0.0000000E+00  0.0000000E+00  0.0000000E+00  0.0000000E+00  0.0000000E+00  0.0000000E+00  0.0000000E+00  0.0000000E+00  0.0000000E+00
94  9.8991625E-01  0.0000000E+00  0.0000000E+00  0.0000000E+00  0.0000000E+00  0.0000000E+00  0.0000000E+00  0.0000000E+00  0.0000000E+00  0.0000000E+00
95  9.8958595E-01  0.0000000E+00  0.0000000E+00  0.0000000E+00  0.0000000E+00  0.0000000E+00  0.0000000E+00  0.0000000E+00  0.0000000E+00  0.0000000E+00
96  9.8924660E-01  0.0000000E+00  0.0000000E+00  0.0000000E+00  0.0000000E+00  0.0000000E+00  0.0000000E+00  0.0000000E+00  0.0000000E+00  0.0000000E+00
97  9.8890024E-01  0.0000000E+00  0.0000000E+00  0.0000000E+00  0.0000000E+00  0.0000000E+00  0.0000000E+00  0.0000000E+00  0.0000000E+00  0.0000000E+00
98  9.8854578E-01  0.0000000E+00  0.0000000E+00  0.0000000E+00  0.0000000E+00  0.0000000E+00  0.0000000E+00  0.0000000E+00  0.0000000E+00  0.0000000E+00
99  9.8818452E-01  0.0000000E+00  0.0000000E+00  0.0000000E+00  0.0000000E+00  0.0000000E+00  0.0000000E+00  0.0000000E+00  0.0000000E+00  0.0000000E+00
100  9.8781659E-01  0.0000000E+00  0.0000000E+00  0.0000000E+00  0.0000000E+00  0.0000000E+00  0.0000000E+00  0.0000000E+00  0.0000000E+00  0.0000000E+00

#S 3 M3-Shell nonradiative rates
#N 6
#L Z  TOTAL  M3-M4M4  M3-M4M5  M3-M5M4  M3-M5M5
1  0.0000000E+00  0.0000000E+00  0.0000000E+00  0.0000000E+00  0.0000000E+00
2  0.0000000E+00  0.0000000E+00  0.0000000E+00  0.0000000E+00  0.0000000E+00
3  0.0000000E+00  0.0000000E+00  0.0000000E+00  0.0000000E+00  0.0000000E+00
4  0.0000000E+00  0.0000000E+00  0.0000000E+00  0.0000000E+00  0.0000000E+00
5  0.0000000E+00  0.0000000E+00  0.0000000E+00  0.0000000E+00  0.0000000E+00
6  0.0000000E+00  0.0000000E+00  0.0000000E+00  0.0000000E+00  0.0000000E+00
7  0.0000000E+00  0.0000000E+00  0.0000000E+00  0.0000000E+00  0.0000000E+00
8  0.0000000E+00  0.0000000E+00  0.0000000E+00  0.0000000E+00  0.0000000E+00
9  0.0000000E+00  0.0000000E+00  0.0000000E+00  0.0000000E+00  0.0000000E+00
10  0.0000000E+00  0.0000000E+00  0.0000000E+00  0.0000000E+00  0.0000000E+00
11  0.0000000E+00  0.0000000E+00  0.0000000E+00  0.0000000E+00  0.0000000E+00
12  0.0000000E+00  0.0000000E+00  0.0000000E+00  0.0000000E+00  0.0000000E+00
13  0.0000000E+00  0.0000000E+00  0.0000000E+00  0.0000000E+00  0.0000000E+00
14  0.0000000E+00  0.0000000E+00  0.0000000E+00  0.0000000E+00  0.0000000E+00
15  0.0000000E+00  0.0000000E+00  0.0000000E+00  0.0000000E+00  0.0000000E+00
16  0.0000000E+00  0.0000000E+00  0.0000000E+00  0.0000000E+00  0.0000000E+00
17  0.0000000E+00  0.0000000E+00  0.0000000E+00  0.0000000E+00  0.0000000E+00
18  0.0000000E+00  0.0000000E+00  0.0000000E+00  0.0000000E+00  0.0000000E+00
19  0.0000000E+00  0.0000000E+00  0.0000000E+00  0.0000000E+00  0.0000000E+00
20  0.0000000E+00  0.0000000E+00  0.0000000E+00  0.0000000E+00  0.0000000E+00
21  9.9999950E-01  0.0000000E+00  4.8153400E-01  0.0000000E+00  0.0000000E+00
22  1.0000005E+00  0.0000000E+00  5.4275500E-01  0.0000000E+00  9.7582100E-02
23  1.0000001E+00  5.0833000E-03  5.6892400E-01  0.0000000E+00  2.2066100E-01
24  9.9999869E-01  1.5819900E-02  5.8826100E-01  0.0000000E+00  3.3887600E-01
25  9.9999850E-01  1.5692000E-02  5.7383900E-01  0.0000000E+00  2.9765000E-01
26  9.9999570E-01  1.8361900E-02  5.6834700E-01  0.0000000E+00  3.1970800E-01
27  9.9999320E-01  2.0357900E-02  5.6417200E-01  0.0000000E+00  3.3527600E-01
28  9.9998780E-01  2.1880800E-02  5.5880100E-01  0.0000000E+00  3.4900900E-01
29  9.9998068E-01  2.3552400E-02  5.5481300E-01  0.0000000E+00  3.9649000E-01
30  9.9997088E-01  2.3608800E-02  5.3704700E-01  0.0000000E+00  3.8172200E-01
31  9.9995780E-01  2.3805500E-02  5.1362600E-01  0.0000000E+00  3.6616000E-01
32  9.9994045E-01  2.3668100E-02  4.7454500E-01  0.0000000E+00  3.4676500E-01
33  9.9991853E-01  2.3522100E-02  4.2530200E-01  0.0000000E+00  3.1818800E-01
34  9.9989114E-01  2.3147700E-02  3.6071100E-01  0.0000000E+00  2.8605400E-01
35  9.9985996E-01  2.2529000E-02  2.8315500E-01  0.0000000E+00  2.4480000E-01
36  9.9982029E-01  2.1484900E-02  1.8062000E-01  0.0000000E+00  1.9064900E-01
37  9.9977511E-01  2.0610300E-02  6.9295700E-02  0.0000000E+00  1.3073900E-01
38  9.9971957E-01  0.0000000E+00  0.0000000E+00  0.0000000E+00  0.0000000E+00
39  9.9965987E-01  0.0000000E+00  0.0000000E+00  0.0000000E+00  0.0000000E+00
40  9.9959171E-01  0.0000000E+00  0.0000000E+00  0.0000000E+00  0.0000000E+00
41  9.9951954E-01  0.0000000E+00  0.0000000E+00  0.0000000E+00  0.0000000E+00
42  9.9943797E-01  0.0000000E+00  0.0000000E+00  0.0000000E+00  0.0000000E+00
43  9.9935054E-01  0.0000000E+00  0.0000000E+00  0.0000000E+00  0.0000000E+00
44  9.9925415E-01  0.0000000E+00  0.0000000E+00  0.0000000E+00  0.0000000E+00
45  9.9915621E-01  0.0000000E+00  0.0000000E+00  0.0000000E+00  0.0000000E+00
46  9.9904614E-01  0.0000000E+00  0.0000000E+00  0.0000000E+00  0.0000000E+00
47  9.9893564E-01  0.0000000E+00  0.0000000E+00  0.0000000E+00  0.0000000E+00
48  9.9882006E-01  0.0000000E+00  0.0000000E+00  0.0000000E+00  0.0000000E+00
49  9.9870111E-01  0.0000000E+00  0.0000000E+00  0.0000000E+00  0.0000000E+00
50  9.9857629E-01  0.0000000E+00  0.0000000E+00  0.0000000E+00  0.0000000E+00
51  9.9844982E-01  0.0000000E+00  0.0000000E+00  0.0000000E+00  0.0000000E+00
52  9.9832262E-01  0.0000000E+00  0.0000000E+00  0.0000000E+00  0.0000000E+00
53  9.9818861E-01  0.0000000E+00  0.0000000E+00  0.0000000E+00  0.0000000E+00
54  9.9804805E-01  0.0000000E+00  0.0000000E+00  0.0000000E+00  0.0000000E+00
55  9.9791781E-01  0.0000000E+00  0.0000000E+00  0.0000000E+00  0.0000000E+00
56  9.9777616E-01  0.0000000E+00  0.0000000E+00  0.0000000E+00  0.0000000E+00
57  9.9762730E-01  0.0000000E+00  0.0000000E+00  0.0000000E+00  0.0000000E+00
58  9.9747052E-01  0.0000000E+00  0.0000000E+00  0.0000000E+00  0.0000000E+00
59  9.9732266E-01  0.0000000E+00  0.0000000E+00  0.0000000E+00  0.0000000E+00
60  9.9715449E-01  0.0000000E+00  0.0000000E+00  0.0000000E+00  0.0000000E+00
61  9.9702669E-01  0.0000000E+00  0.0000000E+00  0.0000000E+00  0.0000000E+00
62  9.9686121E-01  0.0000000E+00  0.0000000E+00  0.0000000E+00  0.0000000E+00
63  9.9668807E-01  0.0000000E+00  0.0000000E+00  0.0000000E+00  0.0000000E+00
64  9.9649387E-01  0.0000000E+00  0.0000000E+00  0.0000000E+00  0.0000000E+00
65  9.9632312E-01  0.0000000E+00  0.0000000E+00  0.0000000E+00  0.0000000E+00
66  9.9610730E-01  0.0000000E+00  0.0000000E+00  0.0000000E+00  0.0000000E+00
67  9.9588115E-01  0.0000000E+00  0.0000000E+00  0.0000000E+00  0.0000000E+00
68  9.9564440E-01  0.0000000E+00  0.0000000E+00  0.0000000E+00  0.0000000E+00
69  9.9539538E-01  0.0000000E+00  0.0000000E+00  0.0000000E+00  0.0000000E+00
70  9.9513866E-01  0.0000000E+00  0.0000000E+00  0.0000000E+00  0.0000000E+00
71  9.9487341E-01  0.0000000E+00  0.0000000E+00  0.0000000E+00  0.0000000E+00
72  9.9459684E-01  0.0000000E+00  0.0000000E+00  0.0000000E+00  0.0000000E+00
73  9.9431115E-01  0.0000000E+00  0.0000000E+00  0.0000000E+00  0.0000000E+00
74  9.9401412E-01  0.0000000E+00  0.0000000E+00  0.0000000E+00  0.0000000E+00
75  9.9370451E-01  0.0000000E+00  0.0000000E+00  0.0000000E+00  0.0000000E+00
76  9.9338445E-01  0.0000000E+00  0.0000000E+00  0.0000000E+00  0.0000000E+00
77  9.9305218E-01  0.0000000E+00  0.0000000E+00  0.0000000E+00  0.0000000E+00
78  9.9271495E-01  0.0000000E+00  0.0000000E+00  0.0000000E+00  0.0000000E+00
79  9.9235767E-01  0.0000000E+00  0.0000000E+00  0.0000000E+00  0.0000000E+00
80  9.9198903E-01  0.0000000E+00  0.0000000E+00  0.0000000E+00  0.0000000E+00
81  9.9160706E-01  0.0000000E+00  0.0000000E+00  0.0000000E+00  0.0000000E+00
82  9.9121188E-01  0.0000000E+00  0.0000000E+00  0.0000000E+00  0.0000000E+00
83  9.9080347E-01  0.0000000E+00  0.0000000E+00  0.0000000E+00  0.0000000E+00
84  9.9038097E-01  0.0000000E+00  0.0000000E+00  0.0000000E+00  0.0000000E+00
85  9.8994791E-01  0.0000000E+00  0.0000000E+00  0.0000000E+00  0.0000000E+00
86  9.8950595E-01  0.0000000E+00  0.0000000E+00  0.0000000E+00  0.0000000E+00
87  9.8905048E-01  0.0000000E+00  0.0000000E+00  0.0000000E+00  0.0000000E+00
88  9.8858005E-01  0.0000000E+00  0.0000000E+00  0.0000000E+00  0.0000000E+00
89  9.8809609E-01  0.0000000E+00  0.0000000E+00  0.0000000E+00  0.0000000E+00
90  9.8759568E-01  0.0000000E+00  0.0000000E+00  0.0000000E+00  0.0000000E+00
91  9.8708255E-01  0.0000000E+00  0.0000000E+00  0.0000000E+00  0.0000000E+00
92  9.8655167E-01  0.0000000E+00  0.0000000E+00  0.0000000E+00  0.0000000E+00
93  9.8600563E-01  0.0000000E+00  0.0000000E+00  0.0000000E+00  0.0000000E+00
94  9.8544453E-01  0.0000000E+00  0.0000000E+00  0.0000000E+00  0.0000000E+00
95  9.8486676E-01  0.0000000E+00  0.0000000E+00  0.0000000E+00  0.0000000E+00
96  9.8427341E-01  0.0000000E+00  0.0000000E+00  0.0000000E+00  0.0000000E+00
97  9.8366276E-01  0.0000000E+00  0.0000000E+00  0.0000000E+00  0.0000000E+00
98  9.8303362E-01  0.0000000E+00  0.0000000E+00  0.0000000E+00  0.0000000E+00
99  9.8238766E-01  0.0000000E+00  0.0000000E+00  0.0000000E+00  0.0000000E+00
100  9.8172517E-01  0.0000000E+00  0.0000000E+00  0.0000000E+00  0.0000000E+00

#S 4 M4-Shell nonradiative rates
#N 3
#L Z  TOTAL  M4-M5M5
1  0.0000000E+00  0.0000000E+00
2  0.0000000E+00  0.0000000E+00
3  0.0000000E+00  0.0000000E+00
4  0.0000000E+00  0.0000000E+00
5  0.0000000E+00  0.0000000E+00
6  0.0000000E+00  0.0000000E+00
7  0.0000000E+00  0.0000000E+00
8  0.0000000E+00  0.0000000E+00
9  0.0000000E+00  0.0000000E+00
10  0.0000000E+00  0.0000000E+00
11  0.0000000E+00  0.0000000E+00
12  0.0000000E+00  0.0000000E+00
13  0.0000000E+00  0.0000000E+00
14  0.0000000E+00  0.0000000E+00
15  0.0000000E+00  0.0000000E+00
16  0.0000000E+00  0.0000000E+00
17  0.0000000E+00  0.0000000E+00
18  0.0000000E+00  0.0000000E+00
19  0.0000000E+00  0.0000000E+00
20  0.0000000E+00  0.0000000E+00
21  0.0000000E+00  0.0000000E+00
22  0.0000000E+00  0.0000000E+00
23  0.0000000E+00  0.0000000E+00
24  0.0000000E+00  0.0000000E+00
25  0.0000000E+00  0.0000000E+00
26  0.0000000E+00  0.0000000E+00
27  0.0000000E+00  0.0000000E+00
28  0.0000000E+00  0.0000000E+00
29  0.0000000E+00  0.0000000E+00
30  0.0000000E+00  0.0000000E+00
31  1.0000000E+00  0.0000000E+00
32  1.0000002E+00  0.0000000E+00
33  9.9999900E-01  0.0000000E+00
34  9.9999780E-01  0.0000000E+00
35  9.9999560E-01  0.0000000E+00
36  9.9999140E-01  0.0000000E+00
37  9.9998277E-01  0.0000000E+00
38  9.9997287E-01  0.0000000E+00
39  9.9995652E-01  0.0000000E+00
40  9.9993313E-01  0.0000000E+00
41  9.9990228E-01  0.0000000E+00
42  9.9985919E-01  0.0000000E+00
43  9.9980483E-01  0.0000000E+00
44  9.9973624E-01  0.0000000E+00
45  9.9965167E-01  0.0000000E+00
46  9.9954631E-01  0.0000000E+00
47  9.9942018E-01  0.0000000E+00
48  9.9926660E-01  0.0000000E+00
49  9.9908973E-01  0.0000000E+00
50  9.9888341E-01  0.0000000E+00
51  9.9864796E-01  0.0000000E+00
52  9.9837342E-01  0.0000000E+00
53  9.9806196E-01  0.0000000E+00
54  9.9771335E-01  0.0000000E+00
55  9.9729333E-01  0.0000000E+00
56  9.9681631E-01  0.0000000E+00
57  9.9634024E-01  0.0000000E+00
58  9.9586089E-01  0.0000000E+00
59  9.9532778E-01  0.0000000E+00
60  9.9474611E-01  0.0000000E+00
61  9.9411782E-01  0.0000000E+00
62  9.9343772E-01  0.0000000E+00
63  9.9270394E-01  0.0000000E+00
64  9.9190025E-01  0.0000000E+00
65  9.9108473E-01  0.0000000E+00
66  9.9018712E-01  0.0000000E+00
67  9.8921380E-01  0.0000000E+00
68  9.8816105E-01  0.0000000E+00
69  9.8702326E-01  0.0000000E+00
70  9.8579875E-01  0.0000000E+00
71  9.8451693E-01  0.0000000E+00
72  9.8314358E-01  0.0000000E+00
73  9.8166765E-01  0.0000000E+00
74  9.8008392E-01  0.0000000E+00
75  9.7838939E-01  0.0000000E+00
76  9.7657384E-01  0.0000000E+00
77  9.7463590E-01  0.0000000E+00
78  9.7256270E-01  0.0000000E+00
79  9.7035008E-01  0.0000000E+00
80  9.6806677E-01  0.0000000E+00
81  9.6623780E-01  0.0000000E+00
82  9.6431960E-01  0.0000000E+00
83  9.6233306E-01  0.0000000E+00
84  9.6035033E-01  0.0000000E+00
85  9.5839330E-01  0.0000000E+00
86  9.5639909E-01  0.0000000E+00
87  9.5424789E-01  0.0000000E+00
88  9.5197124E-01  0.0000000E+00
89  9.4988849E-01  0.0000000E+00
90  9.4784846E-01  0.0000000E+00
91  9.4606560E-01  0.0000000E+00
92  9.4421603E-01  0.0000000E+00
93  9.4232707E-01  0.0000000E+00
94  9.4065278E-01  0.0000000E+00
95  9.3892202E-01  0.0000000E+00
96  9.3722051E-01  0.0000000E+00
97  9.3572164E-01  0.0000000E+00
98  9.3429295E-01  0.0000000E+00
99  9.3290645E-01  0.0000000E+00
100  9.3166838E-01  0.0000000E+00

#S 5 M5-Shell nonradiative rates
#N 2
#L Z  TOTAL
1  0.0000000E+00
2  0.0000000E+00
3  0.0000000E+00
4  0.0000000E+00
5  0.0000000E+00
6  0.0000000E+00
7  0.0000000E+00
8  0.0000000E+00
9  0.0000000E+00
10  0.0000000E+00
11  0.0000000E+00
12  0.0000000E+00
13  0.0000000E+00
14  0.0000000E+00
15  0.0000000E+00
16  0.0000000E+00
17  0.0000000E+00
18  0.0000000E+00
19  0.0000000E+00
20  0.0000000E+00
21  0.0000000E+00
22  0.0000000E+00
23  0.0000000E+00
24  0.0000000E+00
25  0.0000000E+00
26  0.0000000E+00
27  0.0000000E+00
28  0.0000000E+00
29  0.0000000E+00
30  0.0000000E+00
31  0.0000000E+00
32  1.0000004E+00
33  9.9999960E-01
34  9.9999899E-01
35  9.9999657E-01
36  9.9999310E-01
37  9.9998701E-01
38  9.9997684E-01
39  9.9996282E-01
40  9.9994233E-01
41  9.9991515E-01
42  9.9987806E-01
43  9.9982992E-01
44  9.9976916E-01
45  9.9969054E-01
46  9.9959580E-01
47  9.9948139E-01
48  9.9934270E-01
49  9.9917932E-01
50  9.9898463E-01
51  9.9875987E-01
52  9.9849996E-01
53  9.9820243E-01
54  9.9786318E-01
55  9.9747999E-01
56  9.9704638E-01
57  9.9656635E-01
58  9.9603226E-01
59  9.9544086E-01
60  9.9479101E-01
61  9.9408131E-01
62  9.9330793E-01
63  9.9246949E-01
64  9.9156540E-01
65  9.9059239E-01
66  9.8955157E-01
67  9.8844365E-01
68  9.8726433E-01
69  9.8601708E-01
70  9.8470322E-01
71  9.8332085E-01
72  9.8187338E-01
73  9.8036465E-01
74  9.7879618E-01
75  9.7717105E-01
76  9.7549426E-01
77  9.7376622E-01
78  9.7199607E-01
79  9.7018648E-01
80  9.6834370E-01
81  9.6647393E-01
82  9.6458322E-01
83  9.6267716E-01
84  9.6076462E-01
85  9.5885294E-01
86  9.5694988E-01
87  9.5505939E-01
88  9.5319416E-01
89  9.5136214E-01
90  9.4956822E-01
91  9.4782339E-01
92  9.4613640E-01
93  9.4451361E-01
94  9.4296258E-01
95  9.4149543E-01
96  9.4011618E-01
97  9.3883199E-01
98  9.3765484E-01
99  9.3658584E-01
100  9.3563807E-01


